1 access 1382 1962 N-Vt 9886 923 25 0 Stress may differ.
2 ache 885 1000 1566 N-Vi-Vt 273 114 3 11 N-c,Vi-c
3 act 1384 1598 1594 N-Vt-Vi 21630 5806 237 159 N-c
4 age 1315 1398 1636 N-Vi-Vt 21164 277 275 24 N-c
5 agent 1593 1637 N-Vt 4283 0 84 0 N-a,Vt:1637-62
6 aid 1475 1483 N-Vt 7796 756 129 46
7 aim 1325 1330 1573 N-Vi-Vt 4979 1371 40 42 N-c
8 air 1300 1627 1530 N-Vt-Vi 18199 94 260 2 N-c
9 airmail 1913 1942 N-Vt 63 0 4 0
10 alarm 1325 1839 1651 N-Vt-Vi 1981 243 15 11 N-c
11 anchor 880 1578 1230 N-Vt-Vi 491 95 17 11 N-c,Vt-c
12 anger 1325 1400 1377 N-Vt-Vi 3156 515 48 1 N-c,Vi-c
13 angle 880 1496 N-Vt 2404 32 61 2 N-c
14 anguish 1220 1330 1374 N-Vi-Vt 527 0 8 2 N-c,Vt-c
15 answer 800 950 950 N-Vi/Vt 8965 5043 145 133 N-a,Vi-c,Vt-c
16 antique 1530 1753 N-Vt 87 0 11 0
17 apex 1603 1905 N-Vt 317 0 4 0
18 apparel 1330 1362 N-Vt 64 0 3 1
19 appeal 1297 1400 1366 N-Vt-Vi 9163 1873 72 27 Vi-c
20 apprentice 1362 1631 N-Vt 500 0 18 1
21 arch 1387 1400 N-Vt 735 0 16 15 Vt-c
22 archive 1603 1934 N-Vt 582 109 4 0
23 armour 1297 1450 N-Vt 880 0 4 3 Vt-c
24 ash 950 1645 N-Vt 1129 0 17 0 N-c,Vt-c
25 asphalt 1325 1872 N-Vt 95 0 3 0 N-c
26 assault 1230 1450 N-Vt 2139 103 18 8 N-c,Vt-c
27 asterisk 1612 1733 N-Vt 82 0 2 0 Vt-a
28 atrophy 1620 1865 1865 N-Vi/Vt 135 0 4 1
29 attire 1300 1350 N-Vt 108 2 6 1 N-c,Vt-c
30 auction 1595 1807 N-Vi 1264 54 4 0
31 audit 1435 1640 1557 N-Vt-Vi 2177 88 5 3
32 audition 1881 1937 1935 N-Vt-Vi 203 43 4 2
33 author 1300 1596 N-Vt 4310 2 77 0 N-a
34 auto 1899 1909 N-Vi 249 0 26 0
35 autograph 1640 1818 1837 N-Vi-Vt 156 17 3 0 N-1640-4
36 autopsy 1678 1900 N-Vt 99 0 2 2
37 avalanche 1771 1872 N-Vi 171 0 1 0
38 average 1735 1769 N-Vt 3536 172 71 26
39 award 1300 1393 N-Vt 14748 353 60 22 N-a
40 awe 825 1303 N-Vt 470 10 5 5 N-c
41 axe 1000 1677 N-Vt 627 119 19 0 N-c
42 baby 1377 1913 1742 N-Vt-Vi 8604 0 80 0
43 backpack 1914 1916 1956 N-Vi-Vt 37 0 1 0
44 badger 1523 1794 N-Vt 319 22 0 1
45 bag 1230 1440 1573 N-Vi-Vt 5066 29 51 2 N-c,Vi-c
46 bail 1466 1548 N-Vt 795 220 7 2
47 balance 1275 1833 1694 N-Vt-Vi 7992 780 83 32 N-c
48 ball 1300 1713 1593 N-Vt-Vi 7254 9 123 2 N-a
49 balloon 1592 1821 1792 N-Vt-Vi 641 0 13 1
50 balm 1220 1300 N-Vt 94 3 0 0 N-c,Vt-c
51 balsam 1000 1846 1666 N-Vt-Vi 38 0 1 0 N-c,Vt-a
52 band 1200 1530 1488 N-Vt-Vi 6649 18 64 3 N-c
53 bandage 1599 1774 N-Vt 215 30 7 4
54 banner 1230 1809 N-Vt 542 0 10 0 N-c
55 banquet 1483 1514 1538 N-Vi-Vt 349 4 9 0 Vt-c
56 bar 1175 1300 N-Vt 7371 245 116 17 N-c,Vt-a
57 barb 1340 1611 N-Vt 32 0 2 10 N-c
58 bargain 1330 1375 N-Vi 922 203 9 4 Vi-c
59 barge 1300 1599 1649 N-Vi-Vt 280 43 8 4 N-a
60 barrel 1305 1466 N-Vt 852 1 32 1 N-c
61 base 1325 1587 N-Vt 8561 484 102 130 N-c
62 basket 1300 1583 N-Vt 1255 3 19 0 N-a
63 batten 1658 1775 N-Vt 112 24 18 0
64 battle 1297 1330 1399 N-Vi-Vt 6181 265 91 6 Vt-c
65 bay 1300 1340 1420 N-Vi-Vt 3292 32 60 3 N-c,Vi-c,Vt-c
66 bayonet 1692 1700 N-Vt 83 0 9 0 Vt-c
67 beach 1535 1840 N-Vt 3669 38 74 1 N-c
68 bead 1377 1873 1577 N-Vt-Vi 164 3 5 1
69 beam 885 1640 1430 N-Vt-Vi 1020 76 33 6 N-c,Vt-c
70 beard 825 1483 N-Vi 805 0 31 7 N-c
71 bed 995 1000 1200 N-Vi-Vt 14705 25 139 1 N-c,Vi-a,Vt-c
72 beetle 897 1608 N-Vt 264 0 1 0 N-c
73 beggar 1225 1528 N-Vt 221 13 5 0 N-a
74 belt 1000 1300 N-Vt 2048 24 36 3 N-a,Vt-a
75 bench 1000 1385 N-Vt 1946 0 42 3 N-a,Vt-c
76 benefit 1377 1613 1549 N-Vt-Vi 7774 2992 75 24
77 bet 1460 1597 N-Vt 726 1948 9 18 N-c
78 bias 1572 1622 1628 N-Vi-Vt 1355 42 9 0 Vt-a
79 bicycle 1868 1869 N-Vi 816 6 7 0
80 bike 1882 1883 N-Vi 1762 5 0 0
81 billow 1552 1597 N-Vi 6 13 1 1
82 bin 1386 1841 N-Vt 774 197 11 0 N-c
83 birdie 1921 1956 N-Vt 166 0 5 5
84 birth 1200 1250 1906 N-Vi-Vt 5123 0 70 1 N-c,Vi-c
85 bishop 893 1000 N-Vt 2718 0 20 0 N-c,Vt-c
86 bivouac 1706 1809 N-Vi 47 5 5 0
87 blackmail 1552 1880 N-Vt 269 126 2 1
88 blanket 1300 1605 N-Vt 1076 17 39 3 N-a
89 blast 1000 1300 1536 N-Vi-Vt 886 244 16 9 N-a,Vi-c
90 blaze 1000 1225 1485 N-Vi-Vt 643 85 4 11 N-a,Vi-a,Vt-c
91 bleep 1953 1957 1973 N-Vi-Vt 37 23 1 0
92 blight 1669 1695 N-Vt 117 27 2 3
93 blip 1894 1924 1924 N-Vi/Vt 77 3 1 0
94 blister 1300 1496 1541 N-Vi-Vt 61 13 4 3 N-a
95 block 1305 1645 N-Vt 3521 759 98 20 N-c
96 blood 1000 1633 N-Vt 9647 9 122 1 N-c
97 bloom 1200 1250 1592 N-Vi-Vt 301 83 11 17 N-c,Vi-c
98 blot 1325 1860 1440 N-Vt-Vi 200 98 8 7 N-c,Vt-c
99 bludgeon 1730 1868 N-Vt 9 19 2 1
100 blueprint 1886 1939 N-Vt 320 0 3 1
101 blunder 1706 1711 1805 N-Vi-Vt 166 30 3 2
102 blur 1548 1622 1581 N-Vt-Vi 206 110 2 7
103 boast 1300 1340 1380 N-Vi-Vt 115 330 1 18 N-c,Vi-c,Vt-c
104 boat 891 1610 1613 N-Vi-Vt 5252 6 123 17
105 body 890 1449 N-Vt 24652 0 342 1 N-c,Vt-c
106 bogey 1892 1948 N-Vt 124 0 7 2
107 bolster 1000 1610 N-Vt 42 225 1 4 N-a
108 bolt 1400 1580 N-Vt 657 63 9 10 N-c
109 bomb 1588 1688 N-Vt 2632 325 68 7
110 bone 700 1494 N-Vt 2347 17 53 0
111 boo 1801 1816 1893 N-Vi-Vt 89 22 2 1
112 boob 1934 1935 1941 N-Vi-Vt 14 1 0 0
113 boogie 1917 1955 N-Vi 111 50 2 0
114 book 897 1225 N-Vt 23916 471 292 7 N-c,Vt-a
115 border 1374 1535 1400 N-Vt-Vi 3874 37 30 9 N-c-Vt-c
116 boss 1806 1856 N-Vt 3106 69 28 1
117 bottle 1375 1641 N-Vt 3878 59 90 5 N-c
118 bottleneck 1896 1928 N-Vt 64 0 3 0
119 bound 1205 1570 1393 N-Vt-Vi 110 4569 13 13 N-c,Vi-c
120 box 1000 1481 N-Vt 8471 139 82 4 N-a,Vt-1481-90
121 bracket 1750 1855 1870 N-Vi-Vt 386 21 3 0
122 brag 1360 1377 1551 N-Vi-Vt 8 26 1 4 N-c
123 brake 1772 1891 1868 N-Vt-Vi 480 104 9 0
124 branch 1297 1382 1633 N-Vi-Vt 5229 174 63 5
125 brand 1000 1400 N-Vt 1331 68 20 3 N-a,Vt-c
126 breach 1000 1573 1803 N-Vi-Vt 3052 140 6 2 N-a
127 bread 950 1629 N-Vt 3626 3 41 0 N-c
128 breakfast 1463 1679 1793 N-Vi-Vt 4136 92 55 2
129 brick 1440 1648 N-Vt 1765 0 24 0 N-c
130 bridle 1000 1460 1393 N-Vt-Vi 228 2 1 0 N-a,Vi-c
131 brim 1205 1818 1611 N-Vt-Vi 172 12 4 1 N-c
132 bristle 1300 1480 1595 N-Vi-Vt 45 27 5 8 N-a
133 broker 1377 1728 1638 N-Vt-Vi 519 16 5 0
134 bronze 1617 1645 N-Vt 1467 33 8 1
135 brood 1000 1588 1440 N-Vt-Vi 187 69 12 15 N-c,Vt-c
136 broom 14 1838 N-Vt 316 0 2 0 N-14..
137 brunch 1896 1938 N-Vi 20 4 1 0
138 brush 1377 1649 1460 N-Vt-Vi 1292 618 36 38 Vt-c
139 buckle 1340 1563 1386 N-Vt-Vi 137 96 4 6 Vt-c
140 budget 1432 1893 1618 N-Vt-Vi 8135 160 62 8 N-1432-50
141 buffer 1835 1894 N-Vt 673 25 16 4
142 bug 1642 1889 1869 N-Vt-Vi 311 48 7 6
143 bulk 1449 1672 1908 N-Vi-Vt 2014 124 13 2 N-c
144 bullet 1557 1884 N-Vt 684 0 49 0
145 bulletin 1651 1838 N-Vt 815 0 21 2
146 bullshit 1915 1942 1949 N-Vi-Vt 139 3 1 1 N-c
147 bully 1688 1744 1710 N-Vt-Vi 223 130 3 3 Vi-a
148 bunch 1570 1601 1828 N-Vi-Vt 1166 19 18 5
149 bundle 1388 1649 N-Vt 645 66 26 4
150 buoy 1466 1605 1651 N-Vi-Vt 77 0 1 1
151 burden 971 1541 N-Vt 2539 55 50 5 N-c
152 burgeon 1300 1325 1382 N-Vi-Vt 10 0 0 5 N-a,Vi-c
153 burlap 1695 1908 N-Vt 4 1 0 0 N-1695-6
154 burrow 1360 1771 1831 N-Vi-Vt 245 60 5 3 N-c
155 bus 1832 1838 1961 N-Vi-Vt 5228 66 42 0
156 butcher 1292 1865 1562 N-Vt-Vi 511 9 7 1
157 butler 1250 1742 N-Vt 266 0 4 0 N-c
158 butter 1000 1496 N-Vt 2049 36 27 0 N-c
159 butterfly 1000 1875 N-Vi 618 0 3 0 N-a
160 button 1340 1777 1380 N-Vt-Vi 1580 46 20 1 Vt-c
161 cache 1797 1805 N-Vt 392 5 1 0
162 cage 1225 1577 N-Vt 973 6 11 1 N-a
163 camp 1528 1543 1549 N-Vi-Vt 3049 38 92 20
164 can 1000 1861 N-Vt 865 7 12 14 N-a
165 cane 1618 1667 N-Vt 450 12 13 0 N-a,Vt-a
166 cannon 1525 1691 1693 N-Vi-Vt 540 11 4 0
167 canoe 1555 1842 N-Vi 389 4 8 1
168 cap 1000 1555 1483 N-Vt-Vi 1886 133 22 6 N-c
169 captain 1375 1598 N-Vt 3711 33 99 0
170 caption 1789 1901 N-Vt 285 0 1 0
171 capture 1541 1795 N-Vt 471 899 5 33
172 caravan 1599 1885 1898 N-Vi-Vt 965 0 5 0
173 card 1400 1548 N-Vi 5635 6 61 0
174 care 1000 1225 1386 N-Vi-Vt 19496 4880 89 108 N-c,Vi-a,Vt-c
175 caress 1611 1697 N-Vt 119 84 5 10
176 cargo 1657 1889 N-Vt 847 0 7 0
177 caricature 1748 1760 N-Vt 180 13 1 2
178 carpet 1345 1626 N-Vt 2242 32 17 3 Vt-a
179 cart 800 1393 1440 N-Vi-Vt 864 46 9 2 N-a,Vt-c
180 cartoon 1671 1884 N-Vt 499 0 9 0
181 case 1300 1575 N-Vt 42362 20 503 3 N-a
182 cash 1596 1811 N-Vt 8084 400 32 3
183 casket 1467 1601 N-Vt 123 0 1 0
184 castle 1075 1587 N-Vt 4648 0 12 0 N-a
185 catalogue 1460 1598 N-Vt 2359 67 16 4
186 catapult 1577 1929 1848 N-Vt-Vi 156 0 0 4
187 caucus 1763 1850 1885 N-Vi-Vt 94 0 3 1
188 cause 1225 1340 N-Vt 7118 5783 109 186 N-a,Vt-c
189 caution 1297 1641 1683 N-Vi-Vt 1230 69 18 8
190 cave 1220 1611 1541 N-Vt-Vi 1034 6 15 3 N-c
191 cellar 1225 16 N-Vt 640 0 27 0 N-a,Vt-16..
192 cellotape 1949 1960 N-Vt 80 7 0 0 also sellotape
193 cement 1300 1677 1340 N-Vt-Vi 595 74 10 5 N-c
194 censor 1533 1882 N-Vt 64 46 1 3
195 censure 138 1589 1590 N-Vi-Vt 136 36 5 1 N-138.
196 census 1613 1881 N-Vt 1037 0 14 0
197 centre 1374 1622 1610 N-Vt-Vi 22736 119 261 34 N-c
198 chain 1300 1969 1393 N-Vt-Vi 3614 54 60 0 N-c
199 chair 1300 1552 N-Vt 7150 239 89 0 N-a
200 chalk 956 1575 N-Vt 872 12 2 2
201 chamber 1300 1611 1575 N-Vt-Vi 2844 0 55 1 N-a
202 champion 1225 1605 N-Vt 3137 143 31 2 N-a
203 chance 1297 1393 1859 N-Vi-Vt 12550 50 152 4
204 channel 1300 1664 1596 N-Vt-Vi 3968 222 38 4 N-a
205 charcoal 1340 1840 N-Vt 496 0 14 1 N-c
206 chariot 1325 1627 1659 N-Vi-Vt 225 0 3 0 N-c,Vt-a
207 charm 1300 1300 1380 N-Vi-Vt 1208 152 25 5 N-a,Vi-c,Vt-c
208 chart 1571 1851 N-Vt 1541 153 30 11
209 charter 1250 1425 N-Vt 2208 120 37 4 N-a,Vt-c
210 chase 1297 1375 1314 N-Vt-Vi 915 517 7 7 Vt-c
211 chauffeur 1902 1917 N-Vt 258 3 5 1
212 cheer 1225 1573 1430 N-Vt-Vi 254 486 10 6 N-a,Vt-c
213 chill 825 1325 1399 N-Vi-Vt 668 86 15 12 N-c,Vi-c
214 chisel 1382 1509 N-Vt 144 29 5 2
215 chit-chat 1710 1821 N-Vi 7 0 0 0
216 choir 1297 1596 1791 N-Vi-Vt 973 0 9 0
217 choreograph 1876 1949 1943 N-Vt-Vi 0 3 0 5
218 chorus 1599 1748 1703 N-Vt-Vi 931 6 20 1
219 chrome 1800 1876 N-Vt 187 0 4 1
220 chronicle 1303 1440 N-Vt 470 22 8 1 Vt-a
221 cipher 1399 1530 1860 N-Vi-Vt 49 2 2 1
222 circle 1000 1440 1374 N-Vt-Vi 3308 159 91 13 N-c,Vt-c,Vi-c
223 circuit 1382 1611 1549 N-Vt-Vi 2627 0 27 0
224 circumstance 1225 1644 N-Vt 596 0 99 0 N-a
225 clamour 1386 1400 1856 N-Vi-Vt 143 28 1 4 N-c,Vi-c
226 clamp 1400 1677 N-Vt 138 123 6 11
227 class 1656 1705 N-Vt 17859 54 292 3
228 claw 700 1377 1000 N-Vt-Vi 194 91 4 3 N-a,Vt-c
229 clay 1000 1523 N-Vt 1493 0 91 0
230 clerk 975 1551 N-Vi 1951 0 45 2 N-c
231 climax 1589 1861 1849 N-Vt-Vi 625 25 14 3 Vt-a
232 clip 1470 1902 N-Vt 286 169 8 3 N-c
233 clock 1371 1883 N-Vt 2727 71 28 1
234 cloister 1340 1591 N-Vt 93 0 1 0
235 closet 1370 1687 N-Vt 208 2 18 1 N-?
236 cloth 800 1845 N-Vt 1907 0 43 0 N-a
237 cloud 1300 1562 1583 N-Vi-Vt 2007 78 64 7 N-a
238 clown 1563 1599 1891 N-Vi-Vt 355 4 6 0
239 club 1205 1593 N-Vt 16339 17 178 2 N-c
240 clue 1628 1663 N-Vt 1097 2 25 0
241 cluster 800 1541 1398 N-Vt-Vi 800 142 13 10 N-a
242 coat 1300 1362 N-Vt 3192 106 52 6 N-c
243 cobble 1475 1691 N-Vt 12 20 0 0
244 cocktail 1803 1856 1942 N-Vi-Vt 685 0 27 0
245 code 1303 1815 N-Vt 5142 113 55 5
246 coffee 1598 1851 1868 N-Vi-Vt 6286 0 78 0
247 coffin 1330 1564 N-Vt 1355 0 6 0 N-c
248 collar 1297 1601 N-Vt 1324 21 14 4
249 colour 1290 1667 1325 N-Vt-Vi 10911 432 184 44 N-c,Vt-c
250 column 1440 1839 N-Vi 2784 0 107 0 N-c
251 comb 700 1398 N-Vt 283 120 6 5 N-a
252 comfort 1225 1290 N-Vt 2512 573 46 11 N-a,Vt-c
253 comment 1400 1591 1599 N-Vi-Vt 3313 1930 64 31 N-c
254 commission 1440 1661 N-Vt 10225 220 117 2 N-c,Vt-a
255 compromise 1426 1656 1596 N-Vt-Vi 1602 458 18 8
256 condition 1315 1494 1549 N-Vi-Vt 8247 56 271 24 N-c
257 cone 1570 1888 1943 N-Vi-Vt 427 0 15 2
258 contact 1626 1876 1834 N-Vt-Vi 6079 4128 79 15
259 cook 1000 1380 1611 N-Vi-Vt 714 1605 22 50 N-c,Vi-c
260 coop 14 1598 N-Vt 48 3 4 2 N-14..
261 copper 1000 1530 N-Vt 1749 0 12 0 N-c
262 copy 1330 1680 1387 N-Vt-Vi 4915 911 54 6 N-c
263 copyright 1735 1878 N-Vt 999 0 1 0
264 cord 1300 1430 N-Vt 665 7 8 1 N-a,Vt-c
265 core 1398 1597 N-Vt 3362 0 44 2
266 cork 1530 1659 N-Vt 269 3 10 2
267 corner 1292 1821 1387 N-Vt-Vi 7067 27 134 2
268 corral 1582 1848 N-Vt 24 0 4 2
269 cosh 1869 1889 N-Vt 20 19 0 0
270 cost 1297 1320 N-Vt 14796 5088 349 62 Vt-c
271 costume 1715 1823 N-Vt 637 0 28 1
272 cotton 1300 1661 N-Vt 2151 10 36 0 Vt-a
273 counsel 1225 1297 1297 N-Vi/Vt 865 249 16 9 N-a
274 couple 1300 1362 1330 N-Vt-Vi 11762 155 136 21 N-a,Vt-c
275 cradle 1000 1610 1400 N-Vt-Vi 346 13 8 3 N-c,Vt-a1400-50
276 craft 888 1526 1420 N-Vt-Vi 1986 61 25 0 N-c,Vt-c
277 crane 1375 1570 N-Vt 338 38 2 1
278 crate 1688 1871 N-Vt 222 3 4 0
279 crater 1613 1884 1917 N-Vi-Vt 256 0 7 1
280 crayon 1644 1662 N-Vt 58 0 1 0
281 cream 1332 1440 1727 N-Vi-Vt 3017 31 19 1 Vi-c
282 crease 1578 1876 1588 N-Vt-Vi 106 29 2 2
283 credit 1542 1557 1548 N-Vt-Vi 7006 290 67 16
284 crew 1455 1935 1955 N-Vi-Vt 2878 0 39 0
285 cripple 950 1220 1300 N-Vi-Vt 99 58 1 12 N-c,Vi-c,Vt-a
286 crochet 1848 1891 1858 N-Vt-Vi 53 18 0 1
287 crop 1213 1606 1450 N-Vt-Vi 1493 146 37 7 N-c,Vt-c
288 cross 963 1697 1430 N-Vt-Vi 4208 2203 29 84 Vt-c
289 crown 950 1175 N-Vt 5090 87 19 11 N-c,Vt-c
290 crusade 1577 1732 N-Vi 528 7 9 1
291 crush 1330 1755 1398 N-Vt-Vi 217 267 3 17 N-c
292 crystal 1000 1674 N-Vt 1410 0 31 0 N-c
293 cub 1530 1755 1864 N-Vi-Vt 159 0 1 0
294 cube 1551 1588 N-Vt 364 9 5 1
295 cudgel 897 1840 1596 N-Vt-Vi 18 5 2 0 N-c
296 cupboard 1325 1565 N-Vt 1359 0 4 0 N-c
297 curb 1477 1530 N-Vt 38 476 15 4
298 cure 1300 1592 1382 N-Vt-Vi 951 521 19 20 N-c
299 curry 1598 1839 N-Vt 334 15 1 0
300 curse 1050 1230 1154 N-Vt-Vi 383 126 10 23 N-a,Vt-a,Vi-c
301 curtain 1186 1300 N-Vt 1322 0 21 0
302 cushion 1340 1735 N-Vt 404 104 8 4 N-c,Vt-1735-8
303 cycle 1870 1883 N-Vi 3153 58 30 2
304 dam 1325 1563 N-Vt 562 47 5 1 N-c
305 damage 1300 1821 1477 N-Vt-Vi 7024 1277 30 17
306 damp 1480 1564 N-Vt 112 89 0 0
307 date 1325 1828 1430 N-Vt-Vi 15774 453 120 36 N-c,Vi-a
308 daydream 1685 1820 1899 N-Vi-Vt 27 24 0 1
309 debate 1300 1340 1489 N-Vi-Vt 6908 376 36 10 N-a,Vi-c,Vt-c
310 debut 1751 1830 N-Vi 1569 13 14 3
311 decay 1460 1494 1529 N-Vi-Vt 816 216 12 11 N-c
312 deck 1513 1624 N-Vt 1394 0 28 2
313 decline 1327 1400 N-Vi 4066 614 26 37 N-a,Vi-1400-50
314 decree 1303 1591 1399 N-Vt-Vi 794 64 7 3
315 deed 825 1816 N-Vt 658 0 14 2 N-c
316 deluge 1374 1649 N-Vt 117 3 4 1 N-c
317 demand 1290 1382 1484 N-Vi-Vt 8818 2089 123 92 N-c
318 den 1000 1610 1220 N-Vt-Vi 352 0 3 0 N-c,Vt-c
319 dent 1325 1398 1388 N-Vt-Vi 261 47 1 3 N-c
320 despair 1325 1340 1393 N-Vi-Vt 1252 175 20 4 N-c,Vi-a
321 detail 1603 1637 N-Vt 5994 137 128 53 Vt-1637-50
322 detour 1738 1836 1905 N-Vi-Vt 197 4 1 2
323 devil 800 1864 1593 N-Vt-Vi 1624 12 32 0 N-a
324 diagram 1619 1840 N-Vt 1251 2 18 1
325 dial 1879 1928 1921 N-Vt-Vi 221 206 2 4
326 dialogue 1225 1607 1597 N-Vt-Vi 1694 0 14 0 N-a
327 dice 1330 1440 1549 N-Vi-Vt 402 0 0 1 N-c,Vi-c
328 diet 1225 1566 1362 N-Vt-Vi 4033 115 24 0 N-a
329 dimension 1413 1885 N-Vt 1601 0 44 3
330 dinner 1297 1748 1822 N-Vi-Vt 5916 1 100 0
331 discount 1622 1629 N-Vt 1850 196 13 7
332 disdain 1290 1382 1380 N-Vt-Vi 236 5 2 4 N-c,Vt-c
333 disgust 1611 1659 N-Vt 609 20 1 6
334 dish 700 1586 N-Vt 1512 71 36 2 N-a
335 dishonour 1300 1388 N-Vt 41 24 2 2 N-a
336 disillusion 1851 1864 N-Vt 40 72 0 3
337 distance 1384 1578 N-Vt 6424 181 127 0 N-c
338 distress 1290 13 N-Vt 1455 0 16 4 N-c,Vt-13..
339 ditto 1625 1894 1837 N-Vt-Vi 78 0 0 0 Vt-1837-40
340 divorce 1377 1643 1387 N-Vt-Vi 1657 365 23 14
341 dock 1486 1892 1514 N-Vt-Vi 1152 64 7 3
342 doctor 1400 1865 1737 N-Vt-Vi 9192 16 349 4 N-c
343 doctrine 1382 1475 N-Vt 1700 0 51 0
344 dog 1050 1519 N-Vt 7814 22 147 1 N-c
345 dome 1656 1876 1887 N-Vt-Vi 639 0 25 2
346 domicile 1477 1831 1809 N-Vt-Vi 131 2 1 1 N-c
347 doom 900 1591 1450 N-Vt-Vi 382 0 4 10 N-c,Vt-c
348 dope 18 1909 1889 N-Vt-Vi 179 13 2 1 N-before 1872
349 dose 1600 1713 N-Vt 1611 15 24 2
350 dot 1674 1740 N-Vt 1110 26 22 5
351 dotcom 1994 1996 N-Vt 0 0 0 0
352 doubt 1225 1300 1303 N-Vi-Vt 6284 2049 115 28 N-a,Vi-a
353 dowel 1340 1713 N-Vt 43 0 2 1 N-c
354 draft 1697 1828 N-Vt 2549 442 26 10
355 drag 1388 1494 1440 N-Vt-Vi 408 754 5 40 N-1388-9,Vt-c
356 drift 1562 1600 1618 N-Vi-Vt 742 507 19 27 Vi-?a,Vt-a
357 drill 1611 1649 N-Vt 731 302 21 30
358 drink 888 1000 1000 N-Vi/Vt 4597 3093 75 93 N-c,Vi-c,Vt-c
359 drizzle 1554 1566 N-Vi 226 5 5 2
360 drop 825 1000 1315 N-Vi-Vt 2127 2960 34 159 N-c,Vi-c,Vt-c
361 drug 1377 1893 1605 N-Vt-Vi 4989 9 69 6
362 drum 1541 1578 1606 N-Vi-Vt 864 88 26 6
363 duel 1591 1659 1645 N-Vt-Vi 210 2 6 2 Vt-c,Vi-a
364 dust 825 1225 1440 N-Vi-Vt 2452 196 68 9 N-c,Vi-a,Vt-c
365 dynamite 1867 1881 N-Vt 117 5 5 1
366 ease 1225 1583 1340 N-Vt-Vi 1942 1078 28 25 N-a
367 echo 1340 1559 1855 N-Vi-Vt 1182 422 15 12 Vi-a
368 eclipse 1300 1393 1485 N-Vi-Vt 251 37 6 2 N-a,Vt-c
369 eddy 1455 1810 1730 N-Vt-Vi 40 13 1 0 N-a
370 eel 1000 1922 N-Vi 189 0 2 0 N-c
371 effect 1385 1592 1589 N-Vt-Vi 22603 543 307 32 N-c
372 egg 805 1887 1833 N-Vt-Vi 2426 7 47 1 N-805-31
373 elbow 1000 1636 1605 N-Vt-Vi 1027 0 17 1 N-c
374 email 1982 1987 N-Vt 36 7 0 0
375 embargo 1602 1755 N-Vt 393 0 2 0
376 emcee 1933 1937 1948 N-Vi-Vt 0 0 1 0
377 encounter 1297 1300 N-Vt 1003 767 19 47 Vt-c
378 end 825 1000 975 N-Vt-Vi 41931 5409 423 140 N-c,Vt-c,Vi-a
379 engineer 1325 1681 1843 N-Vi-Vt 2117 103 78 32 N-c
380 envy 1280 1477 1386 N-Vt-Vi 487 243 4 8 N-c,Vt-c
381 escape 1300 1330 1340 N-Vi-Vt 1859 2754 24 69 N-c,Vi-c,Vt-a
382 esteem 1450 1576 1460 N-Vt-Vi 384 25 5 3 N-a,Vt-c
383 evidence 1300 1610 N-Vt 21166 0 208 14 N-a,Vt-c
384 excise 1494 1652 N-Vt 662 24 4 1
385 exercise 1340 1511 1382 N-Vt-Vi 6210 2380 54 50 N-c,Vi-1511-2
386 exit 1538 1607 1976 N-Vi-Vt 963 260 4 0
387 expense 1382 1909 N-Vt 2692 0 97 0
388 experience 1382 1580 N-Vt 18604 2467 306 82
389 experiment 1382 1787 1481 N-Vt-Vi 2698 414 122 20
390 eye 700 1606 1566 N-Vt-Vi 9041 0 524 13
391 fan 800 1325 1440 N-Vi-Vt 1452 236 34 13 N-a,Vi-c,Vt-c
392 fancy 1471 1646 N-Vt 396 1123 7 7
393 farm 1523 1719 1806 N-Vi-Vt 6698 62 137 16
394 fashion 1300 1413 N-Vt 4381 184 70 13 N-a
395 father 825 1400 N-Vt 21664 26 240 3
396 fault 13 1400 1559 N-Vi-Vt 3283 101 29 1 N-13..,Vi-c
397 favour 1300 1340 N-Vt 2339 910 63 49 N-c
398 fawn 1369 1481 1576 N-Vi-Vt 55 7 1 2 N-c
399 fax 1948 1979 N-Vt 893 306 0 0
400 fear 1000 1400 1000 N-Vt-Vi 6189 2425 141 53 N-a,Vt-c,Vi-c
401 feast 1200 1300 1340 N-Vi-Vt 838 20 5 1 N-c,Vi-c
402 feather 1000 1450 1225 N-Vt-Vi 418 12 19 5 N-a,Vt-a,Vi-c
403 feature 1325 1941 1755 N-Vt-Vi 5354 849 105 24 N-c
404 ferret 1398 1450 1483 N-Vi-Vt 283 40 0 2 Vi-c,Vt-a
405 fete 1754 1819 N-Vt 113 0 3 3
406 feud 1300 1673 N-Vi 158 1 3 0 N-a
407 fiddle 1205 1377 N-Vi 201 146 3 0 N-c
408 field 1025 1868 1844 N-Vt-Vi 13989 256 333 6 N-c
409 fight 893 900 1697 N-Vi-Vt 2834 3871 58 155 N-c,Vi-c
410 figure 1250 1380 N-Vt 16605 611 389 53 N-c,Vt-c
411 file 1525 1601 N-Vt 5525 370 59 87
412 fill 893 1607 1000 N-Vt-Vi 167 3774 0 184 N-c,Vt-c
413 fillet 1420 1846 N-Vt 111 8 0 0 N-c
414 film 1845 1920 1899 N-Vt-Vi 9978 111 127 6
415 filter 1400 1798 1576 N-Vt-Vi 1471 167 12 11 N-c
416 fin 1000 1807 1513 N-Vt-Vi 281 1 7 1 N-c
417 finance 1475 1827 1866 N-Vi-Vt 5513 1956 19 55
418 finger 850 1655 1450 N-Vt-Vi 3044 23 106 4 N-c,Vt-c
419 fish 825 888 1440 N-Vi-Vt 10142 523 33 30 N-c,Vi-c,Vt-c
420 fist 900 1300 1597 N-Vi-Vt 893 12 39 1 N-a,Vi-?a
421 flame 1340 1377 14 N-Vi-Vt 1011 2 27 11 N-a,Vt-14..
422 flannel 1819 1919 1836 N-Vt-Vi 195 0 5 0 Vt-1836-9
423 flat 1824 1966 N-Vi 4413 0 13 0
424 flavour 13 1425 1542 N-Vi-Vt 1438 43 18 3 N-13..,Vi-c
425 fleece 1000 1537 N-Vt 174 22 0 0 N-a
426 flick 1447 1838 N-Vt 199 168 2 6
427 float 1000 1100 1606 N-Vi-Vt 366 544 0 23 N-a,Vi-a
428 flock 1000 1300 1275 N-Vt-Vi 625 109 11 4 N-c,Vt-c,Vi-a
429 flood 825 1908 1627 N-Vt-Vi 1181 298 24 13 N-c
430 floor 888 1420 N-Vt 10903 11 170 0 N-c,Vt-c
431 flour 1250 1651 N-Vt 1035 0 8 1 N-c,Vt-1651-7
432 flurry 1698 1757 N-Vt 267 0 3 2 Vt-a
433 flush 1529 1548 1789 N-Vi-Vt 318 178 4 8
434 flute 1384 1386 1842 N-Vi-Vt 381 0 1 1 N-c,Vi-c
435 foal 950 1521 1386 N-Vt-Vi 142 7 3 0 N-c,Vt-c
436 foam 700 950 1388 N-Vi-Vt 660 15 59 12 N-a,Vi-c
437 focus 1656 1863 1775 N-Vt-Vi 3746 2112 29 34
438 fog 1544 1849 1599 N-Vt-Vi 843 1 25 1
439 foil 1398 1611 N-Vt 456 65 18 3
440 fool 1275 13 1596 N-Vi-Vt 1419 416 35 10 Vi-13..
441 foot 950 1400 1557 N-Vi-Vt 7024 89 361 2 N-c,Vi-c
442 forage 1315 1530 1417 N-Vt-Vi 54 73 4 2 N-c
443 forest 1300 1818 N-Vt 6946 5 88 0 N-a
444 fork 1000 1598 1640 N-Vi-Vt 841 2 20 5 N-c
445 form 1225 1703 1297 N-Vt-Vi 26395 7778 441 153 N-a
446 format 1840 1964 N-Vt 2075 208 10 0
447 fort 1557 1559 N-Vt 508 0 55 3 N-1557-75
448 fracture 1541 18 1803 N-Vt-Vi 401 0 2 2 Vi-18..
449 fragment 1583 1818 1901 N-Vi-Vt 861 79 16 4
450 frame 1375 1602 1553 N-Vt-Vi 3092 212 96 23 N-c
451 freckle 1400 1842 1613 N-Vt-Vi 7 2 3 1 N-c
452 fringe 13 1858 1480 N-Vt-Vi 935 0 16 5 N-13..
453 frost 700 1807 N-Vt 609 3 4 1 N-a
454 fruit 1175 1377 1640 N-Vi-Vt 4017 0 49 0
455 fuel 1398 1880 1592 N-Vt-Vi 4074 122 17 2
456 fume 1400 1532 1400 N-Vt-Vi 41 25 5 2 N-?a,Vt-c,Vi-c
457 function 1533 1856 N-Vi 7711 891 151 18
458 fund 1694 1776 N-Vt 5512 872 160 1
459 funnel 1402 1594 1739 N-Vi-Vt 144 17 2 1 N-1402-3
460 furlough 1625 1892 1783 N-Vt-Vi 23 0 2 1
461 furrow 888 1576 1576 N-Vi/Vt 128 0 6 2 N-c
462 fuse 1884 1894 N-Vt 294 109 6 6
463 fuss 1701 1792 1816 N-Vi-Vt 774 74 2 4
464 gain 1496 1572 1530 N-Vt-Vi 1474 3663 69 77 Vi-c
465 game 1000 1000 N-Vi 14532 11 180 2 N-a,Vi-c
466 gang 1340 1891 1856 N-Vt-Vi 1455 48 27 2 N-c
467 gaol/jail 1275 1604 N-Vt 258 0 24 2 N-c
468 garage 1902 1906 N-Vt 1960 1 25 2
469 garb 1622 1846 N-Vt 90 0 3 1
470 garden 1340 1577 1862 N-Vi-Vt 10443 13 91 3
471 garland 1303 1420 N-Vt 74 0 1 1 Vt-c
472 garment 13 1614 N-Vt 662 0 12 0 N-13..
473 garrison 1430 1726 1569 N-Vt-Vi 450 17 2 1 N-c
474 garrotte 1622 1851 N-Vt 13 0 0 0
475 gas 1905 1962 1934 N-Vt-Vi 7230 16 107 4
476 gate 778 1901 N-Vt 3390 0 50 0
477 gear 1523 1734 1851 N-Vi-Vt 1814 22 28 4
478 gesture 1410 1542 1542 N-Vi-Vt 1917 0 38 5 N-c
479 ghost 900 1833 1606 N-Vt-Vi 1321 1 16 1 N-a
480 gibbet 1225 1597 1726 N-Vi-Vt 59 0 1 0 N-a
481 gift 1250 15 N-Vt 2877 0 45 0 N-c,Vt-15..
482 gill 13 14 N-Vt 130 0 0 0 N-13..,Vt-14..
483 gin 1714 1894 N-Vi 551 0 24 6
484 ginger 1000 1825 N-Vt 237 0 2 0 N-c
485 glamour 1720 1832 N-Vt 482 0 9 0 Vt-1832-52
486 gleam 1000 1225 N-Vi 291 47 3 11 N-a,Vi-a
487 glory 1362 1400 N-Vt 1624 4 23 2 Vt-c
488 glove 1000 1597 N-Vt 375 0 16 2 N-a
489 glue 1340 1420 1386 N-Vt-Vi 550 146 7 20 Vt-c,Vi-c
490 goad 725 1619 N-Vt 10 45 1 3 N-c
491 god 825 1595 N-Vt 3477 0 31 0 N-c (Mixed: God)
492 golf 1457 1800 N-Vi 3387 0 37 1
493 gossip 1566 1627 1611 N-Vt-Vi 813 184 13 3
494 grace 1175 1440 N-Vt 1513 71 36 1 N-c,Vt-c
495 grade 1511 1659 N-Vt 1917 354 58 3 N-c
496 graffiti 1851 1987 N-Vt 231 0 0 0
497 grass 725 1573 1500 N-Vt-Vi 3958 12 55 1 N-c,Vt-c
498 gravel 1300 1543 N-Vt 1203 0 9 0 N-a
499 grease 1290 1440 N-Vt 342 60 12 2 N-c,Vt-c
500 grenade 1591 1849 N-Vt 182 0 9 0
501 grimace 1651 1762 N-Vt 137 5 1 4
502 ground 825 1624 1205 N-Vt-Vi 15050 539 227 9 N-c
503 group 1686 1801 1754 N-Vt-Vi 41053 112 512 13
504 guarantee 1679 1791 N-Vt 1576 1435 12 19
505 guard 1412 1590 1583 N-Vt-Vi 2364 549 63 22
506 guess 1330 1400 1340 N-Vt-Vi 657 2292 6 77 N-c,Vi-a
507 guide 1362 1374 N-Vt 4677 1209 25 51
508 guillotine 1793 1794 N-Vt 159 2 0 0
509 guitar 1621 1817 1840 N-Vi-Vt 2687 0 22 0 Vi-c
510 gun 1339 1622 1679 N-Vi-Vt 3370 10 142 2 Vi-a,Vt-a
511 gut 1000 13 N-Vt 793 28 10 1 N-a,Vt-13..
512 gutter 1300 1583 1387 N-Vt-Vi 374 0 3 1 N-a
513 hail 825 893 1570 N-Vi-Vt 195 129 4 14 N-c,Vi-c
514 hallmark 1721 1773 N-Vt 214 0 6 0
515 hallow 885 900 N-Vt 3 5 0 2 N-a,Vt-c
516 halt 1591 1656 1805 N-Vi-Vt 1100 599 4 21
517 halter 1000 1440 N-Vt 56 0 1 0 N-a,Vt-c
518 hammer 1000 13 1430 N-Vi-Vt 941 162 6 4 N-a,Vi-13..,Vt-c
519 hand 825 1610 N-Vt 32575 903 717 52 N-c
520 handkerchief 1530 1754 1778 N-Vi-Vt 623 0 10 0
521 handle 800 1600 N-Vt 1156 2518 22 81 N-a
522 harangue 1450 1660 1682 N-Vi-Vt 10 18 0 3 N-a
523 harbour 1205 1583 1555 N-Vt-Vi 1793 171 38 8 N-c
524 harm 1000 1000 N-Vt 2217 668 24 3 N-a,Vt-c
525 harp 825 888 1300 N-Vi-Vt 275 0 1 1 N-c,Vi-c,Vt-a
526 harpoon 1625 1774 N-Vt 30 0 0 0
527 harvest 1100 1891 1400 N-Vt-Vi 958 157 12 5 N-a,Vt-c
528 hat 725 1430 N-Vt 2899 0 71 0 N-c,Vt-c
529 hate 825 897 N-Vt 377 2610 10 66 N-c,Vt-c
530 hay 825 1556 1708 N-Vi-Vt 780 0 19 1 N-c
531 haze 1706 1801 N-Vt 345 0 7 1
532 headline 1676 1891 N-Vt 588 67 11 1
533 heap 725 1398 1000 N-Vt-Vi 707 40 15 4 N-c,Vt-c
534 hedge 785 1393 1388 N-Vt-Vi 864 80 4 1
535 heel 850 1606 1605 N-Vt-Vi 762 0 41 0 N-c
536 helicopter 1887 1926 1959 N-Vi-Vt 1100 0 1 0
537 help 893 1225 897 N-Vt-Vi 10459 26476 99 352 N-c,Vt-c,Vi-a
538 hemorrhage 1671 1920 N-Vi 323 0 6 2 (also: haemorrhage)
539 herald 1375 1530 1384 N-Vt-Vi 615 103 11 2 Vt-c
540 herd 1000 1393 1592 N-Vi-Vt 643 27 26 6 N-a
541 highlight 1658 1934 N-Vt 386 800 5 2
542 hinge 1380 1719 1607 N-Vt-Vi 201 4 4 2 N-c
543 hint 1604 1697 1648 N-Vt-Vi 1325 106 16 11
544 hoe 1375 1430 1693 N-Vi-Vt 60 29 1 0 Vi-c
545 hog 1340 1897 1860 N-Vt-Vi 107 23 5 1
546 hole 946 1225 1000 N-Vt-Vi 4412 21 95 2 Vt-c,Vi-a
547 holiday 950 1869 N-Vi 7494 110 30 0 N-c
548 hollow 897 1860 1450 N-Vt-Vi 395 23 5 0 N-c,Vt-c,Vi-c
549 home 950 1765 1802 N-Vi-Vt 32024 59 301 2 N-c
550 honeycomb 1050 1851 1774 N-Vt-Vi 43 2 0 1 N-a
551 honeymoon 1546 1821 N-Vi 531 7 10 4
552 honour 1200 1290 N-Vt 2130 521 67 49 N-c,Vt-c
553 hook 900 1420 1250 N-Vt-Vi 1013 163 5 9 N-c,Vt-a.Vi-c
554 hose 1495 1889 N-Vt 302 7 11 0 N-1495-7
555 host 1303 1868 1485 N-Vt-Vi 2619 479 47 0
556 hostess 1290 1928 1968 N-Vi-Vt 381 0 11 0 N-c
557 hovel 1435 1583 N-Vt 40 2 2 7
558 humour 1475 1588 N-Vt 2170 8 45 3 N-c (also: humor)
559 hunger 825 900 1000 N-Vi-Vt 1085 6 17 0 N-c,Vi-a,Vt-c
560 hurdle 725 1896 1598 N-Vt-Vi 543 19 3 2 N-c
561 husband 1290 1565 N-Vt 10713 10 163 0 N-c
562 hut 1545 1807 1652 N-Vt-Vi 1172 0 19 0
563 hyphen 1620 1814 N-Vt 57 0 0 0 N-c
564 ice 900 1839 1400 N-Vt-Vi 3954 13 45 1 N-c,Vt-a1400-50
565 image 1225 1440 N-Vt 7322 15 156 0 N-a,Vt-c
566 incense 1290 1386 1303 N-Vt-Vi 179 0 2 3 N-c,Vi-c
567 inch 1000 1599 1667 N-Vi-Vt 1702 97 129 1 N-c
568 index 1578 1901 1720 N-Vt-Vi 4518 120 89 3
569 influence 1374 1670 1658 N-Vt-Vi 7845 2496 124 40 N-c
570 initial 1627 1864 N-Vt 372 11 3 1
571 ink 1250 1562 N-Vt 790 3 8 0 N-c
572 inset 1587 1890 N-Vt 465 94 2 0
573 instance 1586 1601 1608 N-Vi-Vt 1790 3 112 0
574 interest 1450 1608 N-Vt 26895 361 408 106
575 interface 1882 1967 1969 N-Vi-Vt 1709 228 8 0
576 interval 1300 1630 1659 N-Vi-Vt 1366 0 43 0 N-a
577 interview 1514 1961 1869 N-Vt-Vi 4181 431 50 19
578 inventory 1523 1902 1622 N-Vt-Vi 523 0 35 1
579 invoice 1560 1698 N-Vt 455 0 1 0
580 iron 1613 1943 1680 N-Vt-Vi 4434 190 46 8 Vt-a
581 island 888 1661 N-Vt 5305 0 207 0 N-c
582 jab 1914 1926 1948 N-Vi-Vt 85 34 2 4
583 jacket 1462 1861 N-Vt 2806 0 39 3
584 jam 1730 1852 N-Vt 811 193 6 10 N-1730-6
585 jar 1592 1747 N-Vt 623 12 19 2
586 Jesuit 1559 1601 1601 N-Vi/Vt 32 0 4 0
587 jet 1944 1946 N-Vi 1320 12 33 1
588 jewel 1290 1601 N-Vt 350 0 4 0 N-c
589 jockey 1638 1767 1708 N-Vt-Vi 752 32 5 1
590 journey 1225 1330 1531 N-Vi-Vt 4620 73 31 3 N-a,Vi-c
591 juice 1290 1639 N-Vt 1611 0 13 0 N-c
592 junk 1485 1916 N-Vt 568 9 8 1
593 kayak 1757 1875 N-Vi 80 0 0 0
594 kennel 13 1552 1592 N-Vi-Vt 178 0 3 0 N-13..
595 kerosene 1854 1883 N-Vt 57 0 6 0
596 key 1000 1362 N-Vt 4687 69 71 4 N-a
597 keyboard 1846 1965 1961 N-Vt-Vi 950 0 4 0
598 kid 1200 1611 1400 N-Vt-Vi 1544 104 104 8 N-c,Vt-c
599 kitten 1377 1495 1824 N-Vi-Vt 225 0 10 0
600 knee 825 1000 1592 N-Vi-Vt 1975 6 73 0 N-c,Vi-c
601 knife 1100 1920 18 N-Vi-Vt 2582 7 86 0 N-a,Vt-18..
602 knight 1100 1300 N-Vt 541 2 25 0 N-a,Vt-a
603 knot 1000 1611 1547 N-Vt-Vi 643 30 9 5 N-c,Vt-a
604 knuckle 1375 1740 1793 N-Vi-Vt 83 28 9 3 N-c,Vt-a
605 label 1380 1601 N-Vt 1707 313 20 17 N-c
606 labour 1300 1362 13 N-Vi-Vt 13538 279 151 10 N-a,Vt-13..
607 lacquer 1673 1688 N-Vt 137 4 2 1
608 lamb 725 1611 1641 N-Vi-Vt 991 2 14 0 N-c
609 lampoon 1645 1657 N-Vt 11 8 0 1 Vt-a
610 lance 1290 13 1898 N-Vi-Vt 230 25 5 1 N-c,Vi-13..
611 land 725 1382 1300 N-Vt-Vi 18433 1239 232 38 Vt-c
612 landscape 1598 1661 N-Vt 3193 46 25 4
613 lapse 1533 1641 1664 N-Vi-Vt 234 116 7 7
614 lasso 1768 1807 N-Vt 9 0 1 1
615 latch 1331 1530 N-Vt 167 69 4 3
616 lather 800 1225 950 N-Vt-Vi 66 2 3 3 N-OE,Vt-c,Vi-a
617 layer 1615 1906 N-Vt 2452 30 22 3
618 leaf 825 1611 1846 N-Vi-Vt 1475 40 33 1 N-c
619 leaflet 1867 1962 1972 N-Vi-Vt 1171 0 4 0
620 league 1452 1638 1611 N-Vt-Vi 8284 0 81 1
621 lease 1483 1570 N-Vt 2086 118 9 9
622 leash 1300 1599 N-Vt 167 3 4 0 N-a
623 leaven 1340 1422 N-Vt 14 8 0 1
624 lecture 1545 1590 1681 N-Vi-Vt 1702 153 29 7 Vi-c
625 level 1340 1440 N-Vt 23679 392 265 27 Vt-c
626 lever 1297 1856 1876 N-Vi-Vt 446 58 19 0
627 libel 1297 1570 1601 N-Vi-Vt 805 2 2 0
628 licence 1362 1430 N-Vt 4330 219 41 12
629 lid 1000 1225 N-Vt 1021 0 24 0 N-c,Vt-a
630 lie 900 971 N-Vi 910 4152 9 13 N-c
631 limit 1375 1380 N-Vt 3341 1567 68 143 N-c,Vt-138.
632 line 1000 1375 N-Vt 21638 534 491 23 N-a,Vt-c
633 lip 1000 1826 N-Vt 1469 0 87 0 N-c
634 lipstick 1880 1931 1926 N-Vt-Vi 380 0 3 0
635 list 1602 1614 N-Vt 11557 935 154 59
636 load 1000 1832 1503 N-Vt-Vi 2517 547 52 30 N-c
637 lobby 1640 1837 1850 N-Vi-Vt 946 174 21 1
638 lock 700 1590 1300 N-Vt-Vi 1446 628 28 63 Vt-c
639 log 1398 1699 N-Vt 1089 142 19 6
640 loom 1404 1548 N-Vt 164 106 6 15
641 loop 1400 1832 1856 N-Vi-Vt 908 46 21 2 N-c
642 loot 1839 1845 N-Vt 101 33 3 6
643 lop 1420 1519 N-Vt 10 15 0 1 N-c
644 lope 1420 1483 N-Vi 9 5 2 1 N-a
645 lump 1300 1720 1624 N-Vt-Vi 1098 56 10 2 N-a
646 lunch 1580 1823 1892 N-Vi-Vt 5098 21 32 1
647 luncheon 1652 1885 N-Vi 348 0 25 0 N-a
648 lurch 1819 1833 N-Vi 145 56 3 7
649 lure 1385 1530 1386 N-Vt-Vi 190 177 4 7 N-c,Vt-c
650 lust 900 1425 1648 N-Vi-Vt 462 1 6 0 N-a,Vi-a
651 lynch 1811 1836 N-Vt 0 29 0 1
652 machete 1575 1978 N-Vt 45 0 0 0 N-c
653 machine-gun 1867 1917 N-Vt 10 2 2 1
654 maid 1300 1936 1909 N-Vt-Vi 889 0 44 0 N-c
655 mail 1275 1827 N-Vt 3292 74 49 25 N-c
656 major 1890 1918 N-Vi 277 20 25 2
657 malt 700 1570 1440 N-Vt-Vi 370 1 1 1 N-eOE
658 manicure 1887 1893 N-Vt 39 0 0 0
659 manoeuvre 1758 1777 1777 N-Vi/Vt 422 161 11 8
660 mantle 700 1225 N-Vt 549 0 3 0 N-eOE,Vt-?c
661 manufacture 1567 1648 N-Vt 1288 388 16 37
662 map 1527 1901 1586 N-Vt-Vi 3885 201 25 6
663 margin 1382 1595 N-Vt 1444 0 16 0 N-a
664 market 900 1636 1455 N-Vt-Vi 28525 1121 185 41 N-l(late)OE
665 marmalade 1480 1925 1967 N-Vi-Vt 190 33 0 0
666 marvel 1300 1382 1380 N-Vt-Vi 92 102 4 6 N-c,Vt-c,Vi-a
667 mask 1534 1594 N-Vt 1023 168 11 5
668 masquerade 1597 1677 1681 N-Vi-Vt 32 21 1 4
669 massacre 1578 1581 N-Vt 578 43 1 2 N-a
670 massage 1866 1887 N-Vt 435 198 1 2
671 medal 1578 1979 1822 N-Vt-Vi 1104 0 11 0
672 menace 1300 1384 1350 N-Vt-Vi 479 22 10 6 N-c,Vt-c,Vi-c
673 mention 1300 1559 1530 N-Vt-Vi 1512 2994 18 125 N-c
674 merchandise 1300 1384 1538 N-Vi-Vt 239 7 7 8 N-a,Vi-c
675 merit 1230 1526 1484 N-Vt-Vi 929 240 38 10 N-c
676 message 1300 1841 1582 N-Vt-Vi 6763 0 80 0 N-c
677 metal 1230 1575 N-Vt 4519 4 68 0 N-c
678 microfilm 1906 1937 N-Vt 108 23 2 0
679 microscope 1651 1888 N-Vt 577 0 9 0
680 microwave 1931 1984 1976 N-Vt-Vi 630 0 3 0
681 milestone 1662 1868 N-Vt 196 0 5 0
682 mill 700 1511 N-Vt 3169 13 24 16 N-eOE
683 mime 1603 1843 1728 N-Vt-Vi 156 52 0 0
684 mind 800 1677 1382 N-Vt-Vi 20319 6789 350 41 N-OE,Vt-a
685 minister 1300 1393 1340 N-Vt-Vi 23401 509 73 5 N-c,Vi-a
686 minute 1443 1601 N-Vt 7843 10 242 0
687 mirror 1330 1820 N-Vt 3571 165 27 5 N-c
688 mission 1530 1898 1692 N-Vt-Vi 2589 0 94 0
689 mist 700 800 1439 N-Vi-Vt 1026 20 16 1 N-eOE,Vi-OE,Vt-?a
690 moan 1599 1700 1820 N-Vi-Vt 160 166 0 4 Vi-c
691 mob 1688 1711 1696 N-Vt-Vi 632 19 15 0
692 mock 1425 1475 1450 N-Vt-Vi 10 152 0 11 N-c,Vt-?c,Vi-c
693 modem 1958 1988 1984 N-Vt-Vi 359 0 0 0
694 monument 1400 1606 N-Vt 689 0 29 0 N-c
695 mop 1496 1709 N-Vt 156 100 2 9
696 mortar 1547 1944 N-Vt 532 71 13 3
697 mortgage 1393 1467 N-Vt 2865 0 22 0 N-a,Vt-?
698 mosaic 1540 1770 N-Vt 740 0 4 0 N-c
699 motel 1925 1968 N-Vi 139 0 31 0
700 mother 700 1950 1425 N-Vt-Vi 23743 29 280 2 N-eOE,Vt-a
701 motion 1387 1509 1476 N-Vt-Vi 4562 6 72 3 N-a
702 motor 1447 1895 1896 N-Vi-Vt 4127 77 108 2
703 motorbike 1903 1944 N-Vi 285 0 0 0
704 motorcycle 1896 1902 N-Vi 277 6 0 0
705 mound 1500 1731 1515 N-Vt-Vi 462 1 12 2 N-?a,Vi-1731-3
706 mouse 1965 1983 N-Vi 1724 0 20 0
707 murder 800 1439 1200 N-Vt-Vi 5065 538 83 16 N-OE,Vt-?c
708 murmur 1385 1390 1460 N-Vi-Vt 296 80 2 22 N-c,Vi-c,Vt-c
709 muscle 1398 1934 1905 N-Vt-Vi 1739 3 73 1 N-a
710 mushroom 1440 1855 1917 N-Vi-Vt 311 18 4 1
711 mustard 1289 1851 N-Vt 476 0 19 1
712 muzzle 1385 1450 N-Vt 175 14 11 0 N-c,Vt-c
713 napalm 1942 1950 N-Vt 35 4 0 0
714 napkin 1384 1621 N-Vt 183 0 5 0 N-1384-5
715 need 700 800 1382 N-Vi-Vt 16558 34776 253 413 N-eOE,Vi-OE,Vt-a
716 needle 700 1625 1502 N-Vt-Vi 1224 0 21 1 N-eOE,Vi-?
717 neighbour 700 1592 1586 N-Vt-Vi 1726 0 59 24 N-eOE,Vt-a
718 network 1530 1980 1845 N-Vt-Vi 7189 17 48 0
719 newspaper 1667 1800 1703 N-Vt-Vi 4829 0 104 0
720 nickel 1755 1877 N-Vt 167 0 8 0
721 nickname 1440 1567 N-Vt 344 0 10 2
722 nonsense 1621 1822 1869 N-Vi-Vt 1543 0 13 0
723 nose 700 1648 1577 N-Vt-Vi 4004 11 65 2 N-eOE
724 notice 1415 1820 1447 N-Vt-Vi 5609 3414 39 84
725 number 1300 1325 N-Vt 48787 63 658 18 N-c,Vt-c
726 nurse 1325 1861 1530 N-Vt-Vi 4017 224 24 17 Vt-a
727 oar 700 1450 1616 N-Vi-Vt 75 3 0 0 Vi-a,Vt-a
728 occasion 1382 1454 N-Vt 5138 21 80 5 N-a,Vt-c
729 officer 1375 1670 N-Vt 8954 0 204 1 N-c
730 offset 1555 1853 1673 N-Vt-Vi 100 941 0 10 N-a
731 oil 1221 1914 1425 N-Vt-Vi 10126 39 111 3
732 ooze 700 1398 1387 N-Vt-Vi 54 39 1 3 N-eOE,Vt-a,Vi-a
733 orbit 1670 1948 1946 N-Vt-Vi 650 52 24 4
734 orient 1375 1896 1728 N-Vt-Vi 0 53 0 14 N-c
735 ornament 1230 1650 N-Vt 253 11 7 3 N-c
736 orphan 1450 1814 N-Vt 152 4 2 2 N-a
737 outfit 1748 1881 1798 N-Vt-Vi 811 0 16 1
738 outline 1662 1790 N-Vt 1380 464 13 13 Vt-c
739 output 1841 1858 N-Vt 5786 198 40 1
740 outrage 1300 1390 N-Vt 0 645 6 7 N-c,Vt-a
741 oven 700 1688 N-Vt 1316 0 8 0 N-eOE
742 oyster 700 1767 N-Vi 213 0 16 0 N-eOE
743 pace 1300 1522 1584 N-Vi-Vt 2980 125 45 19 N-c,Vi-a
744 pack 1191 1797 1400 N-Vt-Vi 2490 871 17 44 Vt-c
745 package 1510 1917 N-Vt 5651 139 25 14 N-c
746 paddle 1407 1637 1716 N-Vi-Vt 183 101 0 1
747 padlock 1438 1645 N-Vt 96 12 2 1
748 page 1485 1971 1628 N-Vt-Vi 10496 11 102 1
749 pain 1300 1333 1330 N-Vt-Vi 6989 18 102 1 N-c,Vt-c,Vi-a
750 pair 1300 1603 1578 N-Vt-Vi 5858 25 64 6 N-c
751 palace 1300 1660 N-Vt 4335 0 45 0 N-c
752 palm 1300 1960 1671 N-Vt-Vi 1232 0 30 2 N-c
753 pan 700 1871 N-Vt 1189 38 16 1 N-eOE
754 pander 1450 1641 1616 N-Vt-Vi 4 49 1 0 N-c,Vt-a
755 panel 1498 1633 N-Vt 3674 0 78 2
756 panic 1640 1910 1827 N-Vt-Vi 1621 322 20 4
757 pantomime 1606 1768 1847 N-Vi-Vt 350 0 2 1
758 paper 1341 1594 N-Vt 16902 24 208 1
759 paper-clip 1858 1962 N-Vt 15 0 0 0 Also: paperclip
760 parachute 1784 1860 1812 N-Vt-Vi 479 0 2 0
761 parade 1656 1748 1753 N-Vi-Vt 1005 111 26 6 Vt-a
762 paraffin 1835 1868 N-Vt 1 0 0 0
763 paragraph 1500 1774 1764 N-Vt-Vi 2611 2 26 0 N-a
764 paraphrase 1548 1596 1593 N-Vt-Vi 114 80 3 1
765 parcel 1382 1416 N-Vt 707 10 2 1 N-a
766 pardon 1300 1450 1433 N-Vt-Vi 1606 197 5 6 N-c,Vi-?c
767 parent 1425 1970 1663 N-Vt-Vi 3706 0 113 0 N-?a
768 parody 1607 1781 1733 N-Vt-Vi 256 27 5 2
769 parrot 1525 1596 1640 N-Vi-Vt 371 11 2 1 N-c
770 partition 1429 1740 N-Vt 372 37 7 0
771 partner 1330 1859 1616 N-Vt-Vi 4855 104 48 1 N-c
772 party 1707 1922 1934 N-Vi-Vt 39712 26 283 1
773 paste 1288 1425 N-Vt 411 41 10 8 N-1288-9,Vt-?a
774 pat 1425 1533 N-Vt 188 182 2 12 N-c
775 patch 1382 1656 1445 N-Vt-Vi 1529 100 23 5 N-a
776 patent 1387 1675 N-Vt 938 10 53 3 N-c
777 patrol 1664 1691 1765 N-Vi-Vt 751 190 24 7
778 patron 1300 1624 N-Vt 768 0 13 0 N-c,Vt-c
779 pattern 1324 1820 1567 N-Vt-Vi 8980 7 159 7
780 pause 1426 1440 1542 N-Vi-Vt 1488 335 17 40 N-c,Vt-a
781 paw 1440 1605 1563 N-Vt-Vi 146 23 5 2 N-c,Vt-?a
782 peak 1450 1577 1887 N-Vi-Vt 2782 93 24 0 N-c
783 pebble 800 1835 N-Vt 185 0 5 0
784 pedal 1611 1888 1892 N-Vi-Vt 289 85 4 1
785 peer 1300 1400 1480 N-Vi-Vt 510 323 13 32 N-c,Vi-c,Vt-c
786 pelt 1303 1568 N-Vt 40 8 9 2
787 pen 1325 1904 1530 N-Vt-Vi 1926 56 18 5 N-c
788 pencil 1325 1500 N-Vt 1108 32 38 1 N-c,Vt-c
789 pension 1382 1598 N-Vt 4454 2 20 0 N-a
790 people 1300 1596 1475 N-Vt-Vi 121775 1 902 3 N-a,Vt-a
791 petition 1414 1611 1607 N-Vt-Vi 1243 73 21 6
792 petrol 1540 1902 N-Vt 2285 0 1 0
793 phase 1701 1949 N-Vt 4602 46 96 0
794 phone 1866 1906 1889 N-Vt-Vi 6277 1367 53 12 N-a
795 photocopy 1879 1924 N-Vt 107 74 0 0
796 picket 1687 1775 1729 N-Vt-Vi 221 28 11 4
797 pickle 1440 1526 N-Vt 119 5 2 3
798 pickpocket 1591 1892 N-Vt 23 0 0 0
799 picnic 1748 1815 1821 N-Vi-Vt 605 34 18 1
800 picture 1420 1489 N-Vt 10258 283 227 9 N-a.Vt-c
801 pigeonhole 1577 1840 N-Vt 10 2 12 0
802 pile 1440 1616 1540 N-Vt-Vi 1579 174 23 26 Vt-c
803 pilgrim 900 1561 N-Vt 199 0 11 0 N-l(late)OE
804 pillage 1393 1593 1593 N-Vt-Vi 28 21 1 3 N-a,Vt-a
805 pillar 1150 1711 1787 N-Vi-Vt 467 0 7 1 N-c
806 pillow 700 1800 1611 N-Vt-Vi 654 0 11 0 N-eOE
807 pilot 1481 1581 N-Vt 3096 99 54 3
808 pin 800 1390 N-Vt 858 395 20 7 N-OE,Vt-c
809 pioneer 1517 1800 1711 N-Vt-Vi 602 41 23 7
810 pipe 800 1656 1862 N-Vi-Vt 2275 122 27 5 N-OE
811 pirate 1439 1685 1577 N-Vt-Vi 270 1 17 0 N-?a
812 piroutte 1706 1741 N-Vi 0 0 4 0
813 pit 700 1454 N-Vt 1700 64 17 1 N-eOE,Vt-1545-5
814 pity 1250 1549 1475 N-Vt-Vi 1640 252 13 3 N-a,Vt-?a
815 pivot 1398 1841 1842 N-Vi-Vt 174 51 2 1
816 place 800 1924 1442 N-Vt-Vi 42028 4245 584 233 N-OE
817 plague 1382 1595 1481 N-Vt-Vi 497 63 3 8 N-a,Vi-c
818 plan 1635 1776 1718 N-Vt-Vi 12191 2609 278 200
819 plaster 800 1812 1398 N-Vt-Vi 836 29 24 5 N-OE, Vt-a
820 plea 1300 1450 1581 N-Vi-Vt 1138 2 14 0 N-c,Vi-c
821 pleasure 1393 1538 1556 N-Vi-Vt 4988 16 67 1 N-a
822 pledge 1371 1571 N-Vt 500 157 6 5
823 plot 1550 1607 1589 N-Vt-Vi 1746 326 40 17 N-?a
824 plough 1200 1450 1423 N-Vt-Vi 297 181 12 16 N-?c,Vi-c
825 plug 1618 1903 1630 N-Vt-Vi 520 378 23 6
826 pocket 1280 1588 N-Vt 3264 20 59 1
827 point 1395 1425 N-Vt 36189 3226 493 143 N-c,Vt-a
828 poison 1225 1350 N-Vt 785 141 11 7 N-c,Vt-c
829 pole 800 1645 1581 N-Vt-Vi 1328 4 23 2 N-OE,Vi-c
830 police 1798 1834 N-Vt 27042 50 155 3
831 polka 1844 1846 N-Vi 29 0 1 0
832 poll 1625 1678 1673 N-Vt-Vi 2824 7 19 4
833 pomade 1598 1794 N-Vt 1 0 0 1
834 portion 1330 1400 N-Vt 1085 0 73 0 N-c,Vt-?a
835 pose 1818 1850 1826 N-Vt-Vi 315 751 2 20
836 position 1374 1678 1817 N-Vi-Vt 21395 338 291 5 N-c
837 post 1506 1837 N-Vt 8699 105 101 13
838 poster 1818 1966 1918 N-Vt-Vi 733 0 8 0
839 pot 800 1736 1616 N-Vt-Vi 1838 83 33 4 N-OE
840 powder 1300 1325 N-Vt 1261 52 33 7 N-c,Vt-?a
841 power 1300 1862 1592 N-Vt-Vi 31042 115 404 5 N-c
842 prawn 1336 1886 N-Vi 187 0 0 0
843 precis 1760 1856 N-Vt 44 4 0 0
844 precondition 1825 1904 N-Vt 180 2 3 2
845 preface 1386 1619 1603 N-Vt-Vi 424 34 3 2 N-c
846 prejudice 1300 1610 N-Vt 1099 200 13 6 N-c
847 pressure 1425 1941 1930 N-Vt-Vi 11783 40 222 1 N-?a
848 pretext 1535 1749 N-Vt 202 0 5 0 N-a
849 prey 1250 1500 N-Vi 1530 77 7 1 N-a,Vi-a
850 price 1230 1471 N-Vt 16900 438 164 10 N-c
851 pride 800 1230 1275 N-Vt-Vi 2634 112 45 3 N-OE,Vi-c,Vt-a
852 print 1300 1699 1340 N-Vt-Vi 2068 1026 24 53 N-a,Vt-1340-70
853 probe 1580 1835 1687 N-Vt-Vi 902 317 4 13 Vi-1835-6
854 profile 1656 1932 1715 N-Vt-Vi 2208 27 18 0
855 programme 1633 1889 N-Vt 22860 188 529 21 Also: program
856 prologue 1300 1622 N-Vt 181 0 0 0 N-a
857 promise 1400 1447 1420 N-Vt-Vi 2397 1419 46 68 N-c,Vt-c
858 proof 1225 1834 N-Vt 2611 14 40 0 N-a
859 prop 1440 1492 N-Vt 251 245 8 6 N-c,Vt-1492-3
860 proposition 1340 1924 N-Vt 1374 12 18 1 N-a
861 provision 1494 1809 N-Vt 8743 0 87 1
862 psalm 825 1000 1400 N-Vi-Vt 224 0 4 0 N-c,Vi-c,Vt-a
863 pump 1440 1508 1530 N-Vi-Vt 1019 233 15 12 N-c
864 puncture 1400 1699 N-Vt 132 42 0 4 N-c
865 purpose 1290 1450 1382 N-Vt-Vi 9199 10 239 1 N-c,Vi-c
866 purr 1601 1620 1740 N-Vi-Vt 39 30 0 3
867 purse 1100 1303 N-Vt 685 16 15 3 N-a
868 quarantine 1609 1888 1804 N-Vt-Vi 127 17 0 0
869 quarrel 1340 1390 N-Vi 402 153 17 16
870 quarry 1420 1848 1774 N-Vt-Vi 951 5 7 0 N-c
871 query 1635 1657 N-Vt 455 156 4 4 N-a
872 question 1300 1584 1490 N-Vt-Vi 24266 1426 378 67 N-a
873 queue 1837 1893 1928 N-Vi-Vt 826 171 0 1
874 quiet 1340 1791 1550 N-Vt-Vi 185 17 9 5
875 quip 1532 1579 1584 N-Vi-Vt 47 9 1 1
876 quirk 1565 1599 1596 N-Vt-Vi 130 0 2 1
877 quod 1700 1812 N-Vt 0 0 0 0 N-a
878 quota 1668 1784 N-Vt 844 0 7 0
879 rabbit 1398 1852 N-Vi 1392 2 16 0
880 race 1325 1680 1809 N-Vi-Vt 7312 522 120 30 N-c
881 radio 1903 1926 1919 N-Vt-Vi 8570 21 126 3
882 raft 1497 1741 1706 N-Vt-Vi 302 0 5 0
883 rage 1297 1300 N-Vi 1133 77 17 10 Vi-a
884 raid 1425 1865 1880 N-Vi-Vt 1303 154 14 4 N-c
885 rain 825 950 1225 N-Vi-Vt 5938 315 73 14 N-c,Vi-c,Vt-a
886 rake 725 1575 1250 N-Vt-Vi 175 110 8 6 N-a,Vt-c
887 rank 1570 1582 1573 N-Vt-Vi 1713 263 41 9
888 ransom 1225 1300 N-Vt 288 64 4 0 N-a,Vt-a
889 rape 1400 1577 N-Vt 1854 189 3 6 N-c
890 rate 1425 1809 1477 N-Vt-Vi 18767 198 303 21
891 ration 1702 1859 1859 N-Vi-Vt 238 50 14 4 N-1702-11
892 razor 1290 1827 N-Vt 398 7 15 0 N-c
893 reason 1225 1483 13 N-Vt-Vi 17577 321 340 12 N-a,Vt- 13..
894 receipt 1399 1832 1787 N-Vt-Vi 1142 0 11 0
895 recess 1531 1893 1809 N-Vt-Vi 219 2 1 3
896 referee 1670 1895 1889 N-Vt-Vi 1098 70 1 0
897 reference 1612 1891 N-Vt 7680 160 87 0
898 regiment 1579 1617 N-Vt 1136 9 28 1
899 register 1377 1850 1390 N-Vt-Vi 2087 1030 22 36
900 reign 1272 1297 N-Vi 1754 93 6 6 N-a
901 remark 1654 1845 1694 N-Vt-Vi 1192 222 75 43
902 remedy 1225 1412 N-Vt 1311 347 16 3 N-a
903 rendezvous 1591 1645 1654 N-Vi-Vt 232 27 7 0 Vi-c, Vt-1654-66
904 rent 1154 1784 1362 N-Vt-Vi 2758 682 12 25 N-c
905 report 1374 1432 1386 N-Vt-Vi 24558 2857 205 184 N-c,Vt-c,Vi-1432-50
906 reproach 1477 1593 N-Vt 138 59 2 2 N-c
907 request 1330 1565 N-Vt 3773 661 54 29 N-c
908 reservoir 1705 1858 N-Vt 750 0 13 0
909 resource 1611 1975 N-Vt 2224 388 81 0
910 respect 1391 1560 N-Vt 4815 902 139 22 N-c
911 rest 825 900 890 N-Vt-Vi 13672 1948 140 77 N-c,Vt-c,Vi-a
912 review 1565 1576 N-Vt 7851 1691 52 36
913 rhyme 1610 1672 1660 N-Vt-Vi 276 60 3 2
914 riddle 1000 1571 1588 N-Vi-Vt 156 16 3 4 N-c
915 ridicule 1677 1684 N-Vt 154 91 2 7
916 rifle 1770 1821 N-Vi 673 3 87 1
917 riot 1225 1755 1375 N-Vt-Vi 901 40 8 2 N-a
918 risk 1661 1766 1687 N-Vt-Vi 10331 1401 47 17 Vt-a
919 rival 1577 1605 1609 N-Vi-Vt 963 252 6 5
920 robe 1275 1626 1377 N-Vt-Vi 417 0 10 1 N-c,Vi-a
921 rocket 1611 1883 1803 N-Vt-Vi 609 5 22 0
922 roller-skate 1863 1928 N-Vi 1 0 0 0
923 roof 900 1606 1475 N-Vt-Vi 4021 6 64 1 N-c,Vt-c
924 room 1000 1828 1567 N-Vt-Vi 28860 26 439 4 N-a
925 root 1150 1340 1340 N-Vi/Vt 2014 156 53 13 N-a,Vi-a,Vt-a
926 rope 725 1565 1300 N-Vt-Vi 1509 7 19 1 N-c,Vt-a
927 rouge 1753 1782 1777 N-Vt-Vi 358 0 1 0
928 route 1225 1890 N-Vt 5540 0 48 1 N-a
929 row 1746 1797 1789 N-Vt-Vi 4679 366 48 5
930 ruin 1390 1596 1585 N-Vt-Vi 361 419 17 22
931 rumba 1922 1938 N-Vi 7 0 0 0
932 rumour 1382 1594 N-Vt 644 0 14 2
933 rupture 1555 1863 1739 N-Vt-Vi 124 34 3 2
934 rust 725 1225 1596 N-Vi-Vt 237 78 7 2 N-c,Vi-a
935 sabre 1680 1790 N-Vt 98 4 3 0
936 sack 1000 1799 1386 N-Vt-Vi 797 230 10 1 N-c,Vt-c
937 sacrifice 1250 1290 1300 N-Vi-Vt 750 336 26 14 N-c,Vi-c,Vt-a
938 sail 888 893 1382 N-Vi-Vt 681 871 7 33 N-c,Vi-c
939 salaam 1613 1698 1693 N-Vt-Vi 3 2 0 0
940 salary 1377 1477 N-Vt 1965 0 51 0 Vt-c
941 salvage 1645 1889 N-Vt 144 167 3 4
942 samba 1885 1950 N-Vi 19 0 1 0
943 sample 1300 1767 N-Vt 4314 321 85 20 N-a
944 sanction 1563 1778 N-Vt 358 144 14 10
945 sand 825 1926 1374 N-Vt-Vi 2915 11 37 2 N-c,Vt-c
946 sandal 1382 1713 N-Vt 32 0 5 0
947 sandpaper 1825 1846 N-Vt 55 4 1 0
948 satellite 1936 1959 1974 N-Vi-Vt 1637 0 15 0
949 sauce 1350 1440 N-Vt 1380 0 24 1 Vt-c
950 saute 1813 1859 N-Vi 5 17 0 1
951 savour 1225 1300 1430 N-Vi-Vt 0 207 1 6 N-a,Vi-a,Vt-c
952 saw 1000 1726 1225 N-Vt-Vi 553 53 8 9 N-c,Vt-a (V2:see)
953 sawdust 1530 1844 N-Vt 136 0 3 0
954 scale 1375 1691 N-Vt 7259 184 62 4 N-c
955 scapegoat 1530 1943 N-Vt 162 4 2 0
956 scar 1388 1555 N-Vt 313 33 20 2
957 scent 1375 1400 1400 N-Vt-Vi 898 33 6 5 Vt-c
958 schedule 1397 1862 N-Vt 2364 116 44 41
959 scheme 1647 1842 1716 N-Vt-Vi 11889 174 39 3
960 school 1000 1934 1577 N-Vt-Vi 36809 28 687 7 N-c
961 scold 1200 1377 1715 N-Vi-Vt 8 49 0 2 N-c
962 scooter 1903 1911 N-Vi 81 0 0 0
963 score 1325 1844 1386 N-Vt-Vi 2697 1343 65 35 N-c,Vt-c
964 screech 1560 1577 1844 N-Vi-Vt 107 28 2 12
965 screen 1393 1655 1632 N-Vt-Vi 4664 228 53 8 Vt-c
966 screw 1404 1614 1611 N-Vt-Vi 412 302 30 15
967 sculpture 1390 1645 N-Vt 1313 12 18 5
968 scythe 725 1573 1597 N-Vi-Vt 55 10 0 0 N-c,Vi-1573-80
969 seal 893 1828 N-Vi 972 386 17 20 N-c
970 seat 1200 1596 1577 N-Vt-Vi 5868 26 68 31 N-a
971 seed 825 1374 1440 N-Vi-Vt 1538 85 82 0 N-c,Vi-c,Vt-c
972 seine 950 1836 1887 N-Vi-Vt 9 1 0 0 N-c
973 semaphore 1816 1893 1957 N-Vi-Vt 68 0 0 0
974 sense 1526 1598 N-Vt 20793 599 313 35
975 sentence 1290 1400 1592 N-Vi-Vt 5682 19 47 9 N-c,Vi-c
976 sequence 1593 1954 N-Vt 4200 9 41 1
977 serenade 1656 1668 1672 N-Vi-Vt 83 3 1 2
978 service 1200 1893 N-Vt 29709 581 448 7 N-a
979 shackle 1000 1440 N-Vt 3 17 2 2 N-a,Vt-c
980 shade 1000 1393 1400 N-Vi-Vt 1345 81 39 10 N-a,Vt-c
981 shadow 900 13 1000 N-Vt-Vi 2827 93 54 9 N-a,Vt-c,Vi-13..
982 shame 725 897 897 N-Vi/Vt 1821 162 21 2 N-c,Vi-c,Vt-c
983 share 1372 1598 1586 N-Vt-Vi 8127 5224 100 105 Vt-c
984 shark 1569 1860 N-Vi 312 0 4 0
985 shed 1481 1546 N-Vt 946 1123 5 12
986 sheet 725 1621 N-Vt 4096 8 71 1 N-c
987 shell 725 1676 1562 N-Vt-Vi 1915 269 36 1 N-c
988 shelter 1585 1602 1590 N-Vt-Vi 1322 154 94 5
989 shepherd 1023 1790 N-Vt 543 25 5 1 N-a
990 ship 725 1122 900 N-Vt-Vi 4190 415 126 28 N-c,Vt-c,Vi-a
991 shop 1297 1764 1583 N-Vt-Vi 9912 524 75 26
992 shore 13 1600 1611 N-Vi-Vt 1406 102 66 1 N-13..,Vi-a
993 shoulder 700 1440 1300 N-Vt-Vi 4286 188 112 5 N-a,Vt-c,Vi-a
994 shovel 725 1685 1440 N-Vt-Vi 186 13 8 2 N-c,Vt-c
995 shower 950 1573 1582 N-Vi-Vt 1439 88 15 8 N-c
996 shrimp 1327 1844 1931 N-Vi-Vt 222 0 2 0
997 shutter 1611 1826 N-Vt 125 4 10 2
998 sieve 725 1499 N-Vt 140 45 1 0 N-c
999 sight 950 1787 1556 N-Vt-Vi 6254 94 97 10 N-c
1000 sign 1225 1617 1305 N-Vt-Vi 5633 2446 142 62 N-a,Vt-c
1001 signal 1384 1864 1805 N-Vt-Vi 2726 398 87 10 N-c
1002 silence 1225 1560 1603 N-Vi-Vt 5146 283 54 7
1003 silhouette 1798 1884 1876 N-Vt-Vi 251 7 9 3
1004 silver 825 1807 1440 N-Vt-Vi 3701 2 22 0 N-c,Vt-c
1005 simile 1393 1727 N-Vt 86 0 1 0
1006 siphon 1659 1859 N-Vt 46 30 0 1
1007 siren 1879 1895 N-Vi 245 0 3 0
1008 skate 1684 1696 1788 N-Vi-Vt 64 63 1 3
1009 skeleton 1578 1861 N-Vt 628 0 3 0
1010 sketch 1668 1874 1695 N-Vt-Vi 591 159 32 11
1011 skewer 1679 1701 N-Vt 53 0 1 0
1012 ski 1755 1904 1973 N-Vi-Vt 628 244 7 5
1013 skin 1200 1579 1547 N-Vt-Vi 6606 138 53 2 N-c
1014 skirmish 13 1470 1500 N-Vi-Vt 103 4 5 2 N-13..,Vi-c,Vt-c
1015 slaughter 1300 1535 N-Vt 447 70 8 4 N-a
1016 sled 1388 1780 1718 N-Vt-Vi 0 7 0 0 (BNC: as N?)
1017 sledge 1617 1708 1864 N-Vi-Vt 129 4 0 0
1018 sleet 1300 1325 1786 N-Vi-Vt 118 6 1 0 N-c,Vi-c
1019 sleeve 901 1598 1440 N-Vt-Vi 906 0 19 0 Vt-c
1020 sleigh 1703 1728 N-Vi 32 6 0 0 Vi-1728-9
1021 smash 1725 1835 1778 N-Vt-Vi 235 307 2 18
1022 smear 725 825 N-Vt 230 72 2 2 N-c,Vt-c
1023 smell 1175 1175 1175 N-Vi/Vt 2405 1008 27 43 N-a,Vi-c,Vt-c
1024 snack 1757 1807 N-Vi 328 13 9 0
1025 snail 725 1548 1591 N-Vi-Vt 290 0 3 0 N-c,Vi-a
1026 snake 1000 1848 1653 N-Vt-Vi 714 3 70 3 N-c
1027 snare 1100 1388 N-Vt 75 16 1 1 N-a
1028 snow 825 1300 1366 N-Vi-Vt 2930 103 56 12 N-c,Vi-a,Vt-?a
1029 snowball 1400 1852 1850 N-Vt-Vi 95 14 3 1 N-c
1030 soap 1000 1585 N-Vt 1239 23 25 0 N-c
1031 sock 725 1897 N-Vt 216 5 10 2 N-c
1032 solace 1290 1340 1297 N-Vt-Vi 129 16 5 2 N-c
1033 solder 1374 1470 1420 N-Vt-Vi 84 24 1 5 Vt-c,Vi-1470-85
1034 soldier 1300 1647 1873 N-Vi-Vt 1715 15 98 1 N-a
1035 sole 1325 1570 N-Vt 197 4 7 0 N-c
1036 solo 1695 1886 1858 N-Vt-Vi 969 0 8 2
1037 somersault 1530 1850 N-Vi 45 6 5 1
1038 sore 825 13 N-Vt 58 0 3 0 N-c, Vt-13..
1039 sound 1297 1325 1300 N-Vt-Vi 9714 2805 163 82 Vi-a,Vt-a
1040 spade 725 1869 1594 N-Vt-Vi 300 0 7 1 N-c
1041 spark 725 1300 1596 N-Vi-Vt 420 143 12 7 N-c,Vi-c
1042 spear 725 1822 1755 N-Vt-Vi 241 15 5 3 N-c
1043 speckle 1440 1703 1570 N-Vt-Vi 3 1 1 1 N-c
1044 spice 1225 1377 N-Vt 311 31 5 5 N-a
1045 spiral 1551 1834 1867 N-Vi-Vt 369 49 7 3
1046 spirit 1250 1599 N-Vt 6333 16 226 7 N-c
1047 splinter 1398 1625 1582 N-Vt-Vi 113 25 4 3
1048 splotch 1601 1654 N-Vt 4 0 1 2
1049 spoke 888 1720 N-Vt 52 6493 3 0 N-c (V2:speak)
1050 sponge 1000 1673 1392 N-Vt-Vi 417 57 6 4 N-c
1051 sponsor 1651 1884 N-Vt 463 267 23 43
1052 spoon 725 1887 1715 N-Vt-Vi 712 87 6 1 N-c
1053 spray 1750 1895 1829 N-Vt-Vi 777 218 15 14
1054 squabble 1602 1604 N-Vi 42 35 3 0
1055 squadron 1562 1862 N-Vt 1210 0 5 0
1056 square 1300 1450 1382 N-Vt-Vi 2476 198 121 14 N-a,Vi-c
1057 stable 1250 1508 13 N-Vt-Vi 325 0 17 1 N-c,Vt-13..
1058 stack 1300 1325 N-Vt 563 112 8 11 N-a,Vt-c
1059 staff 1700 1859 N-Vt 22421 73 120 6
1060 stage 1300 1526 1330 N-Vt-Vi 15953 331 224 21 N-a,Vt-c
1061 stake 893 1330 N-Vt 1895 197 22 5 N-c,Vt-c
1062 standard 1429 1696 N-Vt 5508 0 105 0
1063 star 825 1592 N-Vt 6010 219 58 4 N-c
1064 station 1556 1748 N-Vt 9767 13 195 5
1065 steam 1000 1582 1666 N-Vi-Vt 2781 34 17 11 N-a
1066 steel 725 1240 N-Vt 3651 24 48 1 N-c,Vt-a
1067 stem 1590 1724 N-Vt 748 407 44 22
1068 stereotype 1798 1804 N-Vt 261 16 14 6
1069 stick 1000 1870 1573 N-Vt-Vi 1784 3412 42 50 N-c
1070 stone 825 1842 1200 N-Vt-Vi 7572 28 66 2 N-c,Vt-c
1071 stooge 1913 1939 N-Vi 18 2 0 0
1072 storm 825 14 1597 N-Vi-Vt 2156 113 31 5 N-c,Vi-14..
1073 strand 1497 1780 1886 N-Vi-Vt 630 0 10 8 Vi-a
1074 strap 1685 1711 N-Vt 390 30 3 4
1075 stream 875 1225 1388 N-Vi-Vt 2445 57 61 12 N-c,Vi-a
1076 stretcher 1845 1976 N-Vt 169 0 1 0
1077 string 900 1400 N-Vt 2669 100 34 7 N-a,Vt-c
1078 structure 1440 1693 N-Vt 13575 126 121 16 N-c,Vt-a
1079 stucco 1598 1726 N-Vt 96 0 4 0
1080 study 1290 1300 1300 N-Vt-Vi 18907 2943 305 163 N-c,Vt-a-,Vi-c
1081 stunt 1878 1917 1928 N-Vi-Vt 190 37 2 1
1082 style 1300 1563 N-Vt 10492 35 117 3 N-a,Vt-1563-83
1083 submarine 1899 1911 1914 N-Vi-Vt 501 0 35 0
1084 subpoena 1422 1640 N-Vt 28 13 2 1 N-1422-61
1085 substitute 1400 1888 1532 N-Vt-Vi 990 508 17 24 N-c
1086 subtitle 1825 1891 N-Vt 49 8 0 3
1087 subway 1893 1929 N-Vi 135 0 8 0
1088 sugar 1289 1857 1412 N-Vt-Vi 3533 7 34 1
1089 sulphur 13 1759 N-Vt 831 0 4 1 N-13..
1090 sum 1290 1425 1300 N-Vt-Vi 4069 297 59 11 N-c,Vt-a,Vi-c
1091 summer 825 1440 1599 N-Vi-Vt 11031 28 151 0 N-c,Vi-c
1092 sun 888 1592 1558 N-Vt-Vi 11061 8 117 2 N-c
1093 supper 1275 1691 1622 N-Vt-Vi 1399 0 38 0 N-c
1094 supplement 1382 1829 N-Vt 858 565 21 16
1095 surface 1611 1860 1778 N-Vt-Vi 8828 46 221 1
1096 surprise 1457 1700 1485 N-Vt-Vi 4463 548 49 76 Vi-a
1097 swirl 1425 1755 1513 N-Vt-Vi 75 51 2 9 N-c
1098 sword 971 1882 1616 N-Vt-Vi 1339 0 12 0 Vt-a
1099 swot 1850 1860 1913 N-Vi-Vt 34 8 0 0
1100 tag 1402 1617 1627 N-Vi-Vt 577 80 6 7
1101 tail 800 1725 1523 N-Vt-Vi 2606 15 31 0 N-a
1102 tango 1896 1913 N-Vi 52 21 3 0
1103 tank 1616 1886 N-Vt 3274 25 30 0 N-c
1104 tape 1000 1609 N-Vt 4491 291 39 1 N-c
1105 tar 700 1250 N-Vt 199 34 12 1 N-c,Vt-c
1106 target 1400 1611 N-Vt 6375 323 68 0 N-c
1107 tarmac 1903 1966 N-Vt 386 1 0 0
1108 taxi 1907 1918 1973 N-Vi-Vt 1779 6 19 2
1109 tea 1598 1810 1812 N-Vi-Vt 8010 0 29 0
1110 team 825 1932 1552 N-Vt-Vi 18491 278 108 3 N-c
1111 tee 1610 1895 1673 N-Vt-Vi 451 13 5 0
1112 telecast 1937 1940 N-Vt 2 1 0 0
1113 telegram 1852 1876 1864 N-Vt-Vi 283 0 10 0
1114 telegraph 1794 1815 1805 N-Vt-Vi 1127 0 20 4
1115 telephone 1835 1880 1877 N-Vt-Vi 6483 1345 79 21
1116 telex 1932 1972 1960 N-Vt-Vi 117 42 0 0
1117 tension 1533 1891 N-Vt 3205 0 78 2
1118 tent 1297 1856 1863 N-Vi-Vt 1110 0 30 1
1119 terrace 1575 1615 N-Vt 1409 0 17 2
1120 test 1386 1934 1603 N-Vt-Vi 10830 2774 161 67 N-c
1121 tether 1376 1483 N-Vt 3 71 1 3 N-1376-7
1122 text 1369 1599 N-Vt 7557 0 64 0 N-c
1123 thread 725 1366 N-Vt 789 135 20 9 N-c,Vt-?a
1124 throne 1240 1607 1377 N-Vt-Vi 1199 0 6 0 N-a
1125 thumb 700 1675 1593 N-Vt-Vi 1082 14 14 2 N-a
1126 ticket 1528 1778 1611 N-Vt-Vi 2100 0 30 0
1127 tile 725 1375 N-Vt 363 26 22 4 N-c,Vt-c
1128 timber 900 1578 N-Vt 2264 0 24 2 N-a,Vt-a
1129 time 893 1205 13 N-Vi-Vt 149487 741 1901 16 N-c,Vi-c,Vt-13..
1130 tin 897 1398 N-Vt 1952 1 12 0 N-c
1131 tint 1717 1892 1791 N-Vt-Vi 81 9 2 1
1132 tiptoe 1386 1661 N-Vi 85 46 1 2 N-c,Vi-a
1133 title 950 1340 N-Vt 9577 120 94 12 N-c
1134 toboggan 1829 1846 N-Vi 23 1 0 0
1135 toe 725 1828 1607 N-Vt-Vi 628 20 26 2 N-c
1136 tomahawk 1634 1755 N-Vt 27 5 0 0
1137 tongue 890 1624 1388 N-Vt-Vi 2273 5 39 1
1138 tool 888 1890 1815 N-Vt-Vi 2177 3 73 5 N-c
1139 torch 1290 1847 1931 N-Vi-Vt 839 0 4 0 N-c,Vi-1847-78
1140 torpedo 1776 1896 1879 N-Vt-Vi 115 12 2 0
1141 torture 1551 1588 N-Vt 675 176 4 10
1142 tour 1643 1789 1885 N-Vi-Vt 5659 598 48 10
1143 towel 1284 1836 N-Vt 822 4 17 0 Vt-1836-9
1144 trace 1300 1876 1440 N-Vt-Vi 1106 1033 22 36 N-a,Vt-c
1145 track 1470 1805 1565 N-Vt-Vi 5622 436 48 8
1146 trade 1546 1570 1628 N-Vi-Vt 19015 826 138 47 Vt-a
1147 traffic 1506 1542 1547 N-Vi-Vt 6475 17 68 1
1148 trap 1000 1807 1460 N-Vt-Vi 1267 375 27 10 N-a,Vt-c,Vi-a
1149 trash 1906 1909 N-Vt 172 80 2 0
1150 treasure 1154 1382 N-Vt 834 71 10 2
1151 trek 1849 1850 1890 N-Vi-Vt 244 37 2 1
1152 trespass 1290 1303 1375 N-Vi-Vt 215 75 3 3 N-c
1153 trick 1412 1700 1595 N-Vt-Vi 1387 119 23 2 N-c,Vi-a
1154 trigger 1621 1930 N-Vt 535 332 11 8
1155 triumph 1400 1508 1571 N-Vi-Vt 1670 106 24 1 N-c,Vt-a
1156 trolley 1823 1900 1882 N-Vt-Vi 681 0 5 0
1157 troop 1545 1565 1590 N-Vi-Vt 526 4 69 0 Vt-c
1158 trouble 1230 1390 1340 N-Vt-Vi 8505 328 154 37 N-c
1159 truck 1774 1907 1809 N-Vt-Vi 1108 1 80 3
1160 trumpet 1390 1530 1729 N-Vi-Vt 294 53 6 1
1161 trundle 1564 1629 1598 N-Vt-Vi 3 24 1 1
1162 tunnel 1765 1795 1856 N-Vi-Vt 2250 22 12 2
1163 tutor 1398 1592 N-Vt 1079 31 5 1
1164 ultimatum 1731 1897 N-Vt 184 0 3 0
1165 umpire 1400 1613 1592 N-Vt-Vi 297 4 1 0 N-?a
1166 usher 1386 1596 N-Vt 44 196 1 3 N-c
1167 vacation 1386 1896 N-Vi 290 0 55 4 N-c
1168 vacuum 1910 1922 N-Vt 915 26 21 3
1169 vagabond 1485 1586 N-Vi 27 2 3 0 N-c,Vi-a
1170 valet 1567 1840 N-Vt 72 0 0 0
1171 value 1303 1482 N-Vt 17375 351 383 18
1172 varnish 1341 1398 N-Vt 296 52 3 0 N-1341-2
1173 veil 1225 1382 N-Vt 445 23 11 7 N-a
1174 veto 1629 1706 N-Vt 412 149 9 2
1175 video 1937 1971 N-Vt 6438 116 2 0
1176 view 1415 1523 N-Vt 21045 1530 217 55
1177 vinegar 1300 1610 N-Vt 404 0 9 0
1178 voice 1290 1627 1453 N-Vt-Vi 16552 7311 265 5 N-c
1179 volume 1380 1824 1815 N-Vt-Vi 5320 0 182 0 N-c
1180 volunteer 1618 1755 1800 N-Vi-Vt 627 297 34 11 N-a
1181 vomit 1387 1422 1560 N-Vi-Vt 122 105 0 3
1182 vote 1533 1552 1568 N-Vi-Vt 4784 2263 66 79
1183 vow 1290 1300 N-Vt 177 56 6 8 N-c,Vt-a
1184 voyage 1297 1477 1667 N-Vi-Vt 671 9 17 0
1185 wage 13 1330 N-Vt 3099 108 95 11 N-13..,Vt-c
1186 wager 1303 1602 1611 N-Vi-Vt 79 46 1 2
1187 wagon 1523 1606 1649 N-Vi-Vt 588 0 72 0
1188 waitress 1586 1936 N-Vi 259 17 3 0 N-c
1189 wall 825 1588 1250 N-Vt-Vi 10780 0 224 3 Vt-c
1190 wallop 1350 1400 1489 N-Vi-Vt 36 27 1 2 N-c,Vi-a,Vt-c
1191 wallpaper 1827 1962 1973 N-Vi-Vt 465 7 8 0
1192 waltz 1781 1794 N-Vi 151 24 0 0 Vi-c
1193 warehouse 1349 1799 N-Vt 953 2 8 1 pronun??? OK!
1194 warrant 1225 1275 N-Vt 731 396 14 14 N-a,Vt-c
1195 watch 888 971 1330 N-Vi-Vt 2698 6438 31 209 N-c,Vt-c
1196 water-ski 1931 1953 N-Vi 10 0 1 0
1197 wax 805 1380 N-Vt 587 102 13 6 Vt-a
1198 web 1220 1604 1853 N-Vi-Vt 571 0 6 0 N-c,Vi-a
1199 weed 888 1100 1325 N-Vi-Vt 392 75 5 2 N-c,Vi-a,Vt-c
1200 weekend 1638 1901 N-Vi 6195 0 42 0
1201 weight 1000 1734 N-Vt 8321 49 101 5 N-c
1202 welcome 900 1000 N-Vt 1004 2713 13 33 N-c,Vt-c
1203 whale 893 1700 N-Vi 565 0 0 1 N-c,Vi-c
1204 wheel 888 1225 1374 N-Vi-Vt 2434 53 77 11 N-c,Vi-a,Vt-c
1205 wheelbarrow 1340 1721 N-Vt 212 0 0 0 N-c
1206 whelp 825 1398 1200 N-Vt-Vi 12 7 0 0 N-c,Vt-c
1207 whip 1325 1386 N-Vt 620 207 16 24 N-c,Vt-c
1208 whip-saw 1538 1904 1842 N-Vt-Vi 0 1 0 1
1209 whisky 1715 1830 N-Vt 1638 0 40 0
1210 whistle 950 1000 1530 N-Vi-Vt 567 145 3 12 N-c,Vi-c
1211 widow 825 13 N-Vt 1536 0 27 5 N-c,Vt-13..
1212 wife 888 1387 N-Vi 16474 0 265 0 N-c
1213 wig 1675 1826 N-Vt 315 0 1 0
1214 wine 805 1829 1645 N-Vt-Vi 6050 0 97 0 Vt-c
1215 wing 1175 1611 1605 N-Vt-Vi 2767 63 44 5 N-c
1216 winter 888 1382 1440 N-Vi-Vt 6904 44 82 3 N-c,Vt-c
1217 wire 1000 1435 N-Vt 2106 68 55 11 N-a
1218 witness 950 1300 1300 N-Vi/Vt 1700 690 40 28 N-c,Vi-a,Vt-a
1219 wolf 725 1865 1862 N-Vt-Vi 504 0 9 0 N-c
1220 woman 893 1595 1706 N-Vi-Vt 21999 0 467 1 N-c
1221 wonder 700 888 1535 N-Vi-Vt 1830 4393 34 119 N-c,Vi-c
1222 word 900 1205 13 N-Vi-Vt 18710 27 549 5 N-a,Vi-c,Vt-13..
1223 worm 893 1576 1604 N-Vi-Vt 559 25 8 0 N-c
1224 worship 888 1200 N-Vt 1318 272 31 12 N-c,Vt-c
1225 wreck 1228 1671 1420 N-Vt-Vi 371 181 6 13 Vt-c
1226 wrinkle 1420 1528 1566 N-Vi-Vt 34 19 9 12 N-a
1227 Xerox 1952 1966 N-Vt 12 5 0 0
1228 yacht 1557 1836 N-Vi 1017 0 7 2
1229 yank 1818 1822 1848 N-Vi-Vt 37 28 1 7
1230 yelp 1500 1553 1654 N-Vi-Vt 36 8 3 2 N-1500-20,Vt-a
1231 yoke 688 1000 N-Vt 130 10 3 0 N-688-95,Vt-a
1232 Zeppelin 1900 1916 N-Vt 26 0 0 0
1233 zero 1604 1926 N-Vt 796 33 9 1
1234 zest 1674 1704 N-Vt 178 0 5 0
1235 zigzag 1712 1787 1777 N-Vt-Vi 60 13 0 4
1236 zing 1911 1920 N-Vi 3 0 0 0
1237 zip 1928 1932 N-Vt 276 87 0 2
1238 zone 1500 1795 N-Vt 2507 0 14 6 N-a
