1 abandon 1393 1386 1755 Vt-Vi-N 1187 107 47 0 Vt-c
2 acclaim 1652 1633 1667 Vt-Vi-N 4 259 5 0
3 accord 1154 1123 1297 Vt-Vi-N 277 860 9 7
4 advance 1513 1230 1674 Vt-Vi-N 678 3590 71 60 Vt-c,N-a
5 affront 1315 1598 Vt-N 8 144 2 2 Vt-c
6 allure 1401 1548 Vt-N 4 65 1 1
7 ally 1330 1297 1598 Vt-Vi-N 71 769 29 39
8 amaze 1589 1230 1430 Vt-N-Vi 81 4 14 0 Vt-c
9 ambush 1330 1626 1489 Vt-N-Vi 47 207 4 6
10 apportion 1574 1628 Vt-N 57 0 9 0
11 approach 1325 1305 1489 Vt-Vi-N 1677 14337 95 125 Vi-c,Vt-c
12 array 1325 1330 Vt-N 0 1128 2 11 Vt-c,N-c
13 assent 1297 1300 1300 Vi-N-Vt 40 370 3 4 Vt-c,N-a
14 assist 1514 1547 1597 Vi-Vt-N 2504 8 36 5
15 attack 1600 1745 1667 Vt-N-Vi 1757 7518 63 97
16 attempt 1636 1513 1548 Vt-N-Vi 2537 8700 87 102
17 attest 1672 1596 1606 Vt-N-Vi 69 0 7 0
18 avail 1300 1300 1420 Vi/Vt-N 119 229 6 1 Vi-a,Vt-a,N-c
19 baa 1586 1589 Vi-N 0 0 0 0 Vi-a
20 ban 1300 1000 1297 Vt-N-Vi 700 2428 4 6 Vi-a,Vt-a
21 banter 1676 1702 Vt-N 19 146 2 5
22 barbecue 1775 1661 1697 Vt-N-Vi 30 315 3 15
23 barricade 1592 1642 Vt-N 10 82 1 6
24 barter 1485 1440 1592 Vt-Vi-N 68 91 0 0 Vt-c
25 beat 885 971 1615 Vi-Vt-N 4445 1106 66 26 Vi-c,N-c
26 belch 1000 1558 1570 Vi-Vt-N 12 32 5 2 Vi-a
27 bellow 1000 1581 1779 Vi-Vt-N 42 63 9 3 Vi-c
28 bend 1374 1320 1597 Vt-Vi-N 642 648 50 13 Vi-c,Vt-c
29 bid 971 893 1788 Vt-Vi-N 821 3057 10 19 Vt-c
30 bind 1674 971 1000 Vt-N-Vi 671 60 51 2 N-a
31 bite 1000 1000 1499 Vi/Vt-N 593 658 26 9 Vi-a,Vt-a
32 blame 1200 1297 Vt-N 2221 823 32 11 Vt-c
33 bleat 1000 1719 1505 Vi-N-Vt 16 12 1 2 Vi-a,N-c
34 blend 1325 1300 1883 Vt-Vi-N 358 519 9 7 Vt-a,Vi-c
35 blitz 1939 1945 1940 Vi-N-Vt 13 270 0 4
36 blockade 1680 1693 Vt-N 29 348 2 16 Vt-c
37 blossom 890 971 Vi-N 65 230 4 10 Vi-c
38 blow 1000 1000 1460 Vi/Vt-N 1221 1904 52 28 Vi-c,Vt-c,N-c
39 blurt 1596 1573 1580 Vt-N-Vi 22 1 3 0
40 blush 1325 1592 1340 Vi-N-Vt 109 179 12 1 Vi-c,N-c
41 bluster 1530 1535 1583 Vi-Vt-N 11 30 1 1 Vt-a
42 boil 1225 1420 1440 Vi-Vt-N 442 333 27 1 Vi-a,Vt-c,N-c
43 boom 1440 1837 1500 Vi-N-Vt 7 1593 2 8 Vi-c,N-?a
44 boost 1815 1825 Vt-N 1117 1037 11 11
45 bore 1000 1320 Vt-N 1145 304 26 4 Vt-c,N-c
46 bounce 1519 1876 1523 Vi-N-Vt 329 156 28 4
47 bow 1000 1606 1656 Vi-Vt-N 263 957 13 13 Vi-a,N-a
48 braid 1000 1530 Vt-N 15 153 2 1 Vt-c
49 brawl 1375 1474 1460 Vi-N-Vt 6 144 1 2 N-c
50 brew 1300 893 1510 Vt-Vi-N 105 247 2 2 Vt-c,Vi-a,N-c
51 broadcast 1922 1921 1922 Vt-Vi/N 833 635 11 18
52 broil 1386 1822 Vt-N 0 2 3 1 Vt-c
53 bruise 1912 890 1541 Vt-N-Vi 32 153 10 10 Vt-c
54 bubble 1398 1598 1481 Vi-N-Vt 50 484 6 25
55 burn 1000 1200 1594 Vi-Vt-N 1185 492 103 18 Vi-c,Vt-c
56 burnish 1624 1325 1647 Vt-Vi-N 9 0 1 0 Vt-c,N-c
57 burst 1000 1297 1611 Vi-Vt-N 1738 618 37 11 Vi-a
58 bustle 1362 1563 1634 Vi-Vt-N 128 112 2 2 Vt-1634-87
59 buttress 1377 1388 Vt-N 34 144 1 1
60 buy 1000 1879 Vt-N 12165 127 162 1 Vt-c
61 call 1000 1250 1300 Vi-Vt-N 12961 5809 627 76 Vi-a,Vt-c,N-a
62 campaign 1701 1809 Vi-N 418 9041 12 94
63 catch 1325 1205 1465 Vt-Vi-N 4075 839 146 5 Vt-c,Vi-c
64 challenge 1380 1225 1300 Vt-N-Vi 1542 5188 29 23 Vt-a,Vi-c,N-a
65 chant 1386 1526 1671 Vi-Vt-N 84 285 9 4 Vi-c
66 chat 1440 1483 1530 Vi-Vt-N 394 871 6 3 Vi-c,N-c
67 chatter 1225 1400 1250 Vi-N-Vt 80 242 8 6 Vi-a,Vt-c,N-a
68 cheat 1647 1440 1559 Vt-N-Vi 290 136 7 0 Vt-c,N-a
69 chew 1393 1000 1200 Vt-N-Vi 287 18 16 0 N-c
70 chuckle 1598 1820 1754 Vi-N-Vt 44 162 10 4 N-a
71 cite 1483 1957 Vt-N 279 0 44 0
72 clap 1613 1386 1599 Vt-N-Vi 106 75 9 2 Vt-c
73 clash 1500 1508 1513 Vi-Vt-N 206 1117 1 7 Vi-c
74 clatter 1340 1537 1578 Vi-Vt-N 35 189 7 1 Vi-c
75 click 1611 1581 1611 Vt-Vi/N 292 328 9 3
76 climb 1000 1205 1577 Vi-Vt-N 1512 656 65 2 Vi-a,Vt-c,N-1577-87
77 cling 1000 1540 1641 Vi-Vt-N 337 59 30 0 Vi-a
78 clutch 1831 1602 1784 Vt-N-Vi 89 405 17 6
79 collapse 1732 1883 1801 Vi-N-Vt 457 2069 18 6
80 combat 1564 1590 1567 Vi-N-Vt 739 804 6 22
81 command 1300 1591 Vt-N 720 3344 39 74 Vt-a
82 compost 1499 1587 Vt-N 10 554 0 8
83 control 1475 1590 Vt-N 5152 23573 95 220 Vt-c
84 co-star 1919 1937 1926 Vi-N-Vt 17 74 0 1
85 cough 1325 1450 1377 Vi-N-Vt 272 506 8 3 Vi-c,Vt-c
86 cover 1927 1300 1320 Vt-N-Vi 6304 4642 202 52 Vt-a,N-c
87 crack 1000 1300 1300 Vi-N-Vt 550 1142 41 17 Vi-c,Vt-c,N-a
88 crackle 1560 1611 1833 Vi-Vt-N 15 105 2 2 Vi-c
89 cram 1763 1000 1810 Vt-Vi-N 95 6 1 0 Vt-c,Vi-a
90 crash 1515 1400 1580 Vt-Vi-N 380 2057 23 15 Vt-?a
91 crawl 1300 1641 1818 Vi-Vt-N 313 90 37 4 Vi-a,Vt-a
92 creak 1325 1601 1605 Vi-Vt-N 47 80 11 1 Vi-c
93 creep 888 1667 1818 Vi-Vt-N 363 168 27 3 Vi-c
94 croak 1460 1605 1561 Vi-N-Vt 28 62 2 2 Vi-c
95 crouch 1394 1705 1597 Vi-N-Vt 88 113 22 2 Vi-c
96 crow 1000 1290 Vi-N 0 200 5 2 Vi-c,N-c
97 crowd 937 1330 1567 Vi-Vt-N 113 4065 39 63 Vt-c
98 cruise 1651 1687 1706 Vi-Vt-N 176 676 6 2
99 crumble 1577 1420 1577 Vt-Vi/N 212 29 7 0 Vt-c,Vi-1577-87
100 crunch 1816 1814 1836 Vt-Vi-N 62 302 1 1
101 cry 1297 1225 1275 Vt-N-Vi 1588 1509 64 35 Vt-a,N-c
102 curl 1530 1447 1602 Vt-Vi-N 196 235 17 1
103 curve 1594 1669 1696 Vi-Vt-N 111 2441 11 64
104 cut 1596 1275 1530 Vt-N-Vi 14119 2615 245 35 Vt-c
105 damn 1300 1619 Vt-N 492 157 33 4 Vt-a
106 dang 1793 1906 Vt-N 2 6 1 0 Vt-1793-7
107 daub 1325 1446 Vt-N 12 21 1 0 Vt-c
108 dawn 1499 1599 Vi-N 112 1378 4 26
109 dazzle 1481 1536 1627 Vi-Vt-N 56 60 13 0 N-1627-77
110 decrease 1382 1470 1383 Vi-N-Vt 481 720 31 6 Vt-c
111 defeat 1374 1599 Vt-N 676 2909 25 26 Vt-c
112 delay 1509 1290 1297 Vt-N-Vi 918 2256 34 15 Vt-c
113 delve 888 1869 Vt-N 93 0 2 0 Vt-c
114 deposit 1831 1624 1660 Vt-N-Vi 298 1707 11 14 N-a
115 design 1644 1548 1588 Vt-N-Vi 984 11863 122 136
116 desire 1393 1230 1303 Vt-N-Vi 392 4936 71 88 Vt-c
117 dictate 1651 1592 1617 Vt-N-Vi 448 0 14 5
118 dig 1320 1340 1674 Vi-Vt-N 3902 148 32 1 Vi-c,Vt-c,N-1674-91
119 dip 1387 975 1599 Vt-Vi-N 366 346 6 5 Vt-c
120 discard 1586 1782 Vt-N 231 16 9 0 Vt-a
121 discharge 1580 1382 1460 Vt-N-Vi 427 1107 15 25 Vi-c,N-c
122 discredit 1559 1565 Vt-N 206 0 3 2
123 disgrace 1549 1581 Vt-N 26 481 1 3 Vt-1549-62
124 disguise 1325 1340 Vt-N 427 299 15 2 Vt-c
125 dislike 1555 1579 1577 Vi-N-Vt 450 502 22 8 Vi-c
126 dismay 1375 1297 1590 Vt-Vi-N 12 527 1 5 Vi-a
127 disorder 1523 1477 1530 Vt-Vi-N 0 1618 3 14
128 dispatch 1517 1600 Vt-N 71 230 12 9 also despatch
129 display 1605 13 1583 Vt-N-Vi 1861 4300 45 44 Vt-13..
130 dispute 1225 1340 1594 Vi-Vt-N 246 2977 7 37 Vi-a
131 disregard 1641 1665 Vt-N 210 242 9 4
132 disrespect 1614 1631 Vt-N 12 105 0 2
133 dissent 1425 1585 Vi-N 85 465 4 6 Vi-c
134 distrust 1430 1548 1513 Vi-N-Vt 73 259 4 4
135 dive 1000 900 1700 Vt-Vi-N 285 349 11 24 Vt-c,Vi-a
136 divide 1377 1374 1642 Vt-Vi-N 1170 574 83 0 Vt-c
137 dodge 1568 1573 1575 Vi-Vt-N 134 18 8 2
138 drain 1587 1000 1552 Vt-N-Vi 528 599 16 15 Vt-c
139 draw 1000 897 1663 Vt-Vi-N 5911 1302 222 10 Vt-c,Vi-a
140 drawl 1598 1663 1760 Vi-Vt-N 7 111 4 2
141 dread 1200 1175 1200 Vt-Vi/N 176 375 2 8 Vt-c,Vi-c,N-c
142 dress 1674 1440 1606 Vt-N-Vi 927 3852 67 63 Vt-c
143 drive 900 1000 1697 Vi-Vt-N 4225 4573 203 60 Vi-c,Vt-c
144 drool 1802 1825 Vi-N 12 9 0 0
145 dump 13 1300 1865 Vt-Vi-N 298 408 14 2 Vt-a,Vi-13..
146 dupe 1912 1916 Vt-N 14 33 1 0
147 dye 0 1000 1000 Vt-(Vi)-N 20 389 5 0 Vt-a,Vi(nd),N-c
148 embrace 1386 1592 Vt-N 571 369 18 6 Vt-c
149 enamel 1325 1463 Vt-N 0 319 3 1 Vt-c
150 endeavour 1400 1581 1417 Vi-N-Vt 291 402 5 14 Vi-c
151 essay 1483 1600 Vt-N 4 1540 2 27 N-c
152 exchange 1776 1300 1374 Vt-N-Vi 626 8082 13 72 Vt-a,N-c
153 exhaust 1851 1540 1848 Vt-N-Vi 153 381 21 5
154 exhibit 1601 1490 1626 Vt-Vi-N 629 175 31 26
155 fail 1225 1325 1297 Vi-N-Vt 3219 60 142 0 Vi-a,Vt-c
156 fall 890 1475 1200 Vi-N-Vt 6803 4055 239 94 Vi-c,N-c
157 fatigue 1697 1693 1719 Vt-Vi-N 2 482 3 13
158 feed 1387 950 1576 Vt-Vi-N 2389 732 132 65 Vt-c
159 feel 1340 893 1240 Vt-N-Vi 24561 805 643 15 Vt-c,N-a
160 ferry 1000 1000 1425 Vi/Vt-N 185 1100 1 12 Vi-,Vt-a,N-c
161 fetch 1000 1549 Vt-N 1131 11 7 0 Vt-c
162 find 950 1825 Vt-N 40896 249 1033 3 Vt-c
163 finish 1450 1350 1779 Vt-Vi-N 2824 1561 120 16 Vt-c,Vi-c
164 fire 1645 1530 1590 Vt-N-Vi 761 12821 78 195 Vi-c
165 fizz 1685 1665 1812 Vt-Vi-N 11 114 0 0
166 flash 1387 1460 1566 Vi-Vt-N 231 847 28 24 Vt-c
167 fleck 1430 1598 Vt-N 0 86 1 1 Vt-c
168 flicker 1000 1857 Vi-N 93 304 3 1 Vi-c
169 flop 1602 1823 1662 Vi-N-Vt 54 161 7 1
170 flourish 1300 1300 1500 Vi/Vt-N 444 219 13 3 Vi-a,Vt-a,N-a
171 flow 825 1382 1450 Vi-Vt-N 755 4437 40 56 Vi-c,N-a
172 flutter 1000 1621 1641 Vi-Vt-N 66 136 6 2 Vi-a
173 fold 888 1300 Vt-N 495 438 20 8 Vt-a,N-a
174 forge 1591 1300 1390 Vt-N-Vi 222 195 4 10 Vt-a
175 fray 1529 1300 1340 Vt-N-Vi 33 151 3 1 Vt-a,Vi-a,N-c
176 freeze 971 1494 1440 Vi-N-Vt 522 393 53 1 N-c
177 gabble 1577 1758 1602 Vi-N-Vt 6 9 1 1
178 gag 1509 1553 Vt-N 41 114 2 6
179 gamble 1775 1885 1879 Vi-N-Vt 104 303 17 3
180 gambol 1508 1513 Vi-N 3 1 0 0
181 gape 1220 1608 1535 Vi-N-Vt 20 40 5 0 Vi-c
182 gasp 1390 1586 Vi-N 89 271 11 7
183 gather 891 725 1555 Vt-Vi-N 1496 5 66 0 Vt-c.Vi-a
184 gauge 1420 1450 Vt-N 184 672 3 18 Vt-c,N-c
185 gaze 1386 1591 1430 Vi-N-Vt 215 2013 21 7 Vi-c,Vt-c,N-c
186 gibber 1604 1832 Vi-N 8 0 0 0
187 giggle 1509 1677 Vi-N 107 149 4 5 N-a
188 give 725 888 Vt-N 43973 0 1264 2 Vt-c,N-c
189 glance 1450 1590 1591 Vi-Vt-N 332 2111 43 35 Vi-c
190 glare 1250 1667 1400 Vi-N-Vt 68 466 13 6 Vi-c,N-c
191 glide 1000 1650 1596 Vi-N-Vt 128 88 4 0 Vi-a
192 glimmer 13 1590 Vi-N 11 189 1 3 Vi-13..
193 glimpse 1386 1598 1540 Vi-N-Vt 137 848 6 19 Vi-c,N-c
194 glint 1440 1844 1541 Vi-N-Vt 7 197 7 2 Vi-c,N-a
195 glitter 13 1602 Vi-N 27 243 7 5 Vi-13..
196 glow 1000 1600 Vi-N 145 767 19 14 Vi-c
197 go 825 1605 1727 Vi-Vt-N 84849 2038 1844 1 Vi-c
198 goggle 1380 1583 1616 Vi-Vt-N 9 6 3 0 Vi-c,N-a
199 grab 1852 1589 1777 Vt-N-Vi 787 127 37 7
200 grasp 1382 1586 1561 Vi-N-Vt 706 799 23 7 Vt-a
201 grill 1842 1668 1685 Vt-N-Vi 60 419 3 11
202 grin 1000 1681 1635 Vi-N-Vt 84 1019 38 14 Vi-a,N-1635-56
203 grip 1375 950 1000 Vt-N-Vi 228 1567 19 28 Vt-c,N-c
204 groan 7 1606 1300 Vi-N-Vt 71 226 4 1 Vi-7..,N-a
205 grope 825 1000 1500 Vi-Vt-N 41 3 12 0 Vi-c,Vt-c,N-1500-20
206 growl 1667 1758 1727 Vi-N-Vt 27 109 5 4 Vi-a
207 grumble 1586 1824 1623 Vi-N-Vt 100 31 8 1 Vi-a
208 grunt 725 1615 Vi-N 44 139 11 1 Vt-c
209 gulp 1530 14 1568 Vt-Vi-N 47 147 3 3 Vt-14..
210 gush 1400 1553 1682 Vi-Vt-N 21 37 5 1 Vi-?a,N-c
211 hamper 1350 1613 Vt-N 97 89 6 3 Vt-c,N-1613-16
212 handcuff 1720 1775 Vt-N 13 10 0 2
213 hatch 1250 1398 1629 Vi-Vt-N 255 350 7 4 Vi-a
214 haul 1743 1581 1670 Vt-N-Vi 222 373 17 3
215 haunt 1300 1230 1330 Vt-Vi-N 247 110 13 3 Vt-c,Vi-a,N-c
216 heat 700 1000 825 Vi-N-Vt 574 5216 38 93 Vi-a,Vt-c,N-c
217 heave 1325 971 1571 Vt-Vi-N 135 71 10 1 Vi-c,N-a
218 heed 1000 1205 1300 Vi-Vt-N 151 148 8 1 Vi-c,Vt-c,N-a
219 hide 897 897 1300 Vi/Vt-N 2119 251 61 8 Vi-c,Vt-c,N-a
220 hijack 1923 1968 Vt-N 59 5 3 0
221 hike 1867 1931 Vt-N 20 125 3 7
222 hinder 1386 1000 1200 Vt-N-Vi 284 0 5 0 Vt-c,Vi-c,N-c
223 hiss 1388 1599 1513 Vi-N-Vt 70 181 4 1
224 hit 1300 1075 1450 Vt-Vi-N 8574 1069 126 27 Vt-a,Vi-a,N-c
225 hitch 1629 1440 1674 Vt-Vi-N 61 119 6 4 Vt-c
226 hobble 1362 1727 Vi-N 22 5 3 0
227 hoist 1647 1548 1654 Vt-Vi-N 67 50 3 0
228 hold 1132 855 1100 Vt-N-Vi 10392 2826 509 28 Vt-a,Vi-a,N-a
229 holler 1699 1825 Vi-N 16 7 6 0
230 hoot 1225 1200 1600 Vt-Vi-N 22 64 3 2 Vt-c,Vi-a
231 hop 1000 1791 1508 Vi-N-Vt 176 320 10 2 Vi-c
232 hope 888 1000 1000 Vi-Vt/N 11180 5352 164 136 Vi-c,Vt-c,N-c
233 hopple 1586 1825 Vt-N 0 0 1 4 N-a
234 hover 1400 1826 Vi-N 188 0 7 0 Vi-c
235 howl 1386 1530 1599 Vi-Vt-N 67 116 5 6 Vi-c
236 hug 1567 1659 Vt-N 127 186 11 1
237 hum 1420 1602 1601 Vi-N-Vt 71 223 6 4 Vi-c
238 hunt 1000 1000 1375 Vi/Vt-N 535 994 44 4 Vi-c,Vt-c,N-c
239 hurl 1300 1305 1530 Vi-Vt-N 98 4 12 0 Vi-a,Vt-c
240 hurry 1590 1592 1600 Vi-Vt-N 842 808 45 19
241 hurt 1225 1200 1205 Vt-N-Vi 3531 163 31 12 Vt-c,Vi-a,N-c
242 hurtle 1340 1225 1773 Vt-Vi-N 29 7 6 0 Vt-a
243 impair 1380 1374 1568 Vt-Vi-N 149 0 11 0 Vt-c,Vi-c
244 impede 1605 1659 Vt-N 136 0 5 0
245 institute 1325 1546 Vt-N 73 5253 14 51 Vt-c
246 interrupt 1412 1420 1957 Vi-Vt-N 430 30 22 0 Vi-1412-20,Vt-a
247 jeer 1553 1590 1625 Vi-Vt-N 28 8 1 0
248 jiggle 1846 1836 1888 Vt-Vi-N 8 3 1 0
249 jingle 1386 1508 1599 Vi-Vt-N 13 88 3 0 Vi-c
250 jog 1548 1611 Vi-N 158 41 1 0
251 join 13 1297 1825 Vt-Vi-N 7210 53 139 0 Vi-13..
252 judge 1374 1225 1303 Vt-N-Vi 1945 4446 42 81 Vt-a,Vi-c
253 jumble 1529 1542 1661 Vi-Vt-N 67 339 3 4 Vi-a
254 jump 1530 1589 1552 Vi-N-Vt 1593 854 58 10
255 kick 1386 1590 1530 Vi-N-Vt 941 1328 34 13 Vi-c
256 kidnap 1682 1961 Vt-N 100 138 5 0
257 kill 1300 1205 1225 Vt-N-Vi 4306 158 153 5 Vt-c,Vi-13..,N-a
258 kiss 1300 900 1000 Vt-N-Vi 1094 1392 31 11 Vt-c,Vi-a,N-c
259 ki-yi 1869 1884 Vi-N 0 0 1 0
260 knead 1967 950 1854 Vt-N-Vi 71 0 1 0 Vt-c
261 knit 1530 1470 1596 Vt-Vi-N 1048 35 18 2 Vt-1470-85
262 knock 1000 1000 1377 Vi/Vt-N 1192 656 47 5 Vi-c,Vt-c
263 know 1200 1100 1592 Vt-Vi-N 120570 60 1473 3 Vt-a,Vi-c
264 lace 1889 1225 1300 Vt-N 11 1097 2 8 Vt-a,Vi-a,N-a
265 lack 1175 1320 1200 Vi-N-Vt 1009 8861 70 97 Vi-a,Vt-c,N-c
266 lament 1530 1535 1591 Vi-Vt-N 63 110 0 3
267 languish 1300 1380 Vi-N 28 0 2 0 Vi-a,N-c
268 laugh 825 950 1690 Vi-Vt-N 2004 1595 89 22 Vi-c,Vt-c
269 launch 1300 1386 1440 Vt-Vi-N 1275 1852 31 3 Vt-c,Vi-13..N-c
270 laze 1592 1862 Vi-N 24 2 1 0 Vi-a
271 lead 1607 825 1300 Vt-N-Vi 8943 5401 313 49 Vt-c,N-a
272 leak 1420 1687 1487 Vi-N-Vt 140 394 5 5 Vi-c
273 leap 897 1432 900 Vi-N-Vt 460 553 33 9 Vi-c,Vt-1432-50,N-a
274 leer 1530 1835 1598 Vi-N-Vt 14 50 7 0
275 levy 1388 1427 Vt-N 151 482 4 6
276 lift 1400 1300 1470 Vt-Vi-N 1882 2284 69 6 Vt-a,Vi-a1400-50,N- 1470-85
277 like 888 1200 1425 Vi-Vt-N 33054 220 294 1 Vi-c,Vt-c,N-a
278 limp 1570 1818 Vi-N 91 184 5 1
279 link 1540 1387 1440 Vt-N-Vi 1301 3932 25 19 Vt-1387-8,Vi-c,N-c
280 litter 1713 1730 Vt-N 35 668 5 6
281 loan 1325 1200 1240 Vt-N-Vi 20 3792 4 78 Vt-c,Vi-a,N-a
282 lodge 13 1225 1290 Vt-N-Vi 184 961 7 17 Vt-a,Vi-13..
283 loll 1362 13 1582 Vi-Vt-N 21 1 1 0 Vt-13..
284 look 971 1300 1200 Vi-N-Vt 41621 10461 910 105 Vt-a,N-c
285 lug 1375 1390 1616 Vi-Vt-N 25 21 6 1 Vi-a,N-a
286 lull 1450 13 1719 Vt-Vi-N 30 175 2 2 Vt-13..,Vi-a
287 lunge 1735 1841 1845 Vi-Vt-N 26 71 5 3
288 make 1387 700 1325 Vt-N-Vi 77043 349 2312 7 Vt-eOE,Vi-a,N-a
289 march 1450 1591 1575 Vi-N-Vt 399 1014 37 19 Vi-a
290 mass 1861 1380 1382 Vt-N-Vi 6 3505 6 110 Vt-c,N-a
291 mince 1562 1381 1804 Vt-Vi-N 42 254 8 0
292 mine 1330 1380 1393 Vi-Vt-N 36 1626 12 49 Vi-c,Vt-c,N-a
293 mingle 1530 1475 1548 Vt-Vi-N 108 0 12 0 Vt-a
294 mistake 1548 1393 1600 Vt-Vi-N 135 3601 24 45 Vt-a
295 mistrust 1382 1390 1393 Vi-Vt-N 37 169 2 4 Vi-a,Vt-c,N-a
296 mix 1522 1440 1595 Vt-Vi-N 1209 1451 56 2 Vt-?,Vi-a,N-c
297 moo 1550 1789 Vi-N 0 30 1 0 Vi-c
298 moult 1425 1530 1815 Vi-Vt-N 32 45 0 0 Vi-a
299 move 1275 1300 1439 Vi-Vt-N 13297 6471 447 45 Vi-c,Vt-c
300 mumble 1350 1450 1653 Vi-Vt-N 39 27 6 1 Vi-c,Vt-c
301 muse 1340 1390 1500 Vi-Vt-N 31 148 5 5 Vt-c,N-a
302 mutter 1325 1425 1634 Vi-Vt-N 115 31 26 0 Vi-,Vt-a
303 nap 700 1382 1400 Vi-Vt-N 6 189 2 6 Vi-eOE,Vt-a,N-a
304 neglect 1592 1511 1597 Vt-Vi-N 319 868 28 8
305 neigh 800 1624 1522 Vi-N-Vt 5 12 0 0 Vi-OE,N-a
306 nest 700 1579 800 Vi-N-Vt 119 1316 7 22 Vi-eOE,N-OE
307 nod 1390 1522 1541 Vi-Vt-N 224 493 62 8 Vi-c,Vt-a
308 nudge 1809 1675 1699 Vt-N-Vi 97 45 4 1
309 oblige 1501 1325 1475 Vt-N-Vi 276 0 21 1 Vt-c
310 offer 700 700 1433 Vi/Vt-N 9724 5920 217 13 Vi-eOE,Vt-eOE
311 paint 1385 1275 1290 Vt-N-Vi 1272 2169 95 24 Vt-c,Vi-c
312 pant 1350 1522 Vi-N 25 25 10 9 Vi-c,N-a
313 parquet 1684 1814 Vt-N 0 139 0 1 Vt-a
314 pass 1230 1225 1555 Vt-Vi-N 5629 1732 298 34 Vt-c,Vi-c
315 patter 1611 1820 1822 Vi-Vt-N 0 106 1 3
316 pay 1387 1225 1300 Vt-N-Vi 17265 4432 325 39 Vt-a,V-c1387-95,N-c
317 peck 1398 1382 1611 Vt-Vi-N 78 70 3 1 Vt-a,Vi-a
318 peep 1500 1677 Vi-N 65 60 2 2 Vi-a
319 pick 1272 1250 1330 Vt-Vi-N 5792 338 143 5 Vt-a,Vi-1272-3,N-c
320 pinch 1325 1230 1450 Vt-Vi-N 178 366 11 4 Vt-c,Vi-?a,N-c
321 pluck 1430 800 1440 Vt-Vi-N 148 16 6 1 Vt-OE,Vi-?a
322 plunder 1642 1632 1643 Vt-Vi-N 77 42 1 1
323 plunge 1380 1380 1450 Vi/Vt-N 271 277 20 5 Vi-c,Vt-c,N-c
324 polish 1626 1382 1597 Vt-N-Vi 149 414 20 5 Vt-a
325 ponder 1593 1450 1689 Vt-Vi-N 180 0 7 0 Vt-a,Vi-a
326 praise 1330 1230 1425 Vt-Vi-N 440 1145 21 13 Vt-c,Vi-c,N-a
327 preserve 1585 1393 1554 Vt-N-Vi 1480 203 63 12 Vt-a
328 prod 1696 1535 1802 Vt-Vi-N 66 36 5 1
329 profit 1340 1303 1315 Vt-N-Vi 372 5511 7 46 Vi-1340-70,N-c
330 prompt 1340 1425 Vt-N 262 211 11 0 Vt-a,N-c
331 prostitute 1530 1613 Vt-N 8 379 1 8
332 prowl 1386 1530 1803 Vi-Vt-N 27 33 4 1 Vi-c
333 pry 1325 1553 1750 Vi-Vt-N 78 2 7 0 Vi-c
334 pull 13 1000 1440 Vt-Vi-N 3857 451 145 13 Vt-c,Vi-13..,N-c
335 punch 1683 1384 1580 Vt-N-Vi 288 900 3 5
336 pup 1787 1725 1773 Vt-N-Vi 4 103 0 4
337 push 1535 1300 1570 Vt-Vi-N 2936 569 102 8 Vt-a,N-1570-83
338 puzzle 1605 1595 1607 Vt-Vi-N 75 507 24 10 Vt-c,N-1607-12
339 quack 1617 1839 Vi-N 30 67 1 18
340 quake 825 1398 1300 Vi-N-Vt 3 95 1 3 Vi-c,N-a
341 quaver 1430 1570 1570 Vi-Vt/N 6 26 3 1 Vi-1430-40
342 quell 897 1420 Vt-N 142 0 3 0 Vt-c,N-c
343 quench 1290 1200 1529 Vt-Vi-N 52 0 1 0 Vt-a,Vi-c
344 quiver 1490 1599 1715 Vi-Vt-N 52 83 9 1
345 quiz 1847 1867 Vt-N 36 504 0 2
346 quote 1589 1885 Vt-N 998 462 48 2
347 raise 1450 1728 Vt-N 6050 98 188 8 Vt-c
348 rally 1655 1603 1651 Vt-N-Vi 320 1268 8 7
349 ramble 1620 1810 1654 Vi-N-Vt 44 66 5 0
350 rattle 1330 1560 1500 Vi-N-Vt 122 236 9 5 Vi-c,N-1500-20
351 reach 1000 897 1570 Vt-Vi-N 6631 1244 324 18 Vt-c,Vi-a
352 rebound 1398 1560 1530 Vi-N-Vt 49 111 1 1 Vt-c
353 rebuff 1586 1611 Vt-N 6 71 4 4 Vt-a
354 rebuke 1325 1430 Vt-N 39 125 3 0 Vt-c,N-c
355 recruit 1655 1643 1645 Vt-N-Vi 656 291 17 9 N-c
356 reform 13 1663 Vt-N 470 5376 7 41 Vt-13..
357 refund 1386 1866 Vt-N 106 235 1 24
358 regret 1853 13 1533 Vt-N-Vi 942 633 19 4 Vt-13..
359 reissue 1618 1799 1805 Vi-Vt-N 24 86 5 0 Vi-a
360 release 1297 1315 Vt-N 1794 4762 39 34 N-c
361 remain 1375 1470 Vi-N 8893 0 314 0 Vi-c,N-c
362 repair 1748 13 1595 Vt-N-Vi 801 1475 17 23 Vt-13..
363 repeat 1714 1375 1556 Vt-N-Vi 2619 472 95 3 Vt-c
364 reply 1385 1412 1560 Vi-Vt-N 1186 2883 75 35 Vi-c,Vt-c
365 repose 1548 1470 1556 Vt-Vi-N 20 126 1 2 Vt-1470-85,Vi-a
366 reprint 1821 1551 1611 Vt-N-Vi 41 51 2 3
367 reserve 1340 1658 Vt-N 480 1344 39 34 N-a
368 resolve 1590 1523 1591 Vt-Vi-N 1479 264 38 2
369 result 1432 1651 Vi-N 3376 18558 144 329 Vi-1432-50
370 return 1366 1420 1390 Vi-N-Vt 7553 8597 232 130 Vi-?a,Vt-c
371 revenge 1375 1566 Vt-N 10 1029 0 7
372 revolt 1548 1560 Vi-N 55 724 1 10
373 reward 1382 1315 1338 Vt-N-Vi 320 1623 5 17 Vt-c
374 ride 900 1225 1759 Vi-Vt-N 1607 1662 126 21 Vi-a,Vt-a
375 rinse 1350 1837 Vt-N 215 118 6 5 Vt-c
376 ripple 1670 1786 1798 Vi-Vt-N 22 213 5 9 Vi-1670-1
377 rise 1000 1425 1410 Vi-N-Vt 3335 7110 199 55 Vi-c,Vt-c,N-c
378 roar 900 1400 1390 Vi-N-Vt 96 514 27 12 Vi-a,Vt-c
379 roast 1300 1290 1330 Vt-Vi-N 98 107 8 8 Vi-a,N-c
380 rock 1100 1823 Vt-N 291 6301 20 91 Vt-a
381 rub 1330 1377 1586 Vi-Vt-N 607 85 34 2 Vi-c
382 rumble 1385 1519 1386 Vi-N-Vt 37 157 5 2 Vi-c,N-c
383 run 825 888 1450 Vi-Vt-N 16956 4589 431 94 Vi-c,Vt-c,N-c
384 rush 1375 1375 1380 Vi/Vt-N 797 1203 42 17 N-c
385 rustle 1398 1648 1759 Vi-Vt-N 44 118 13 2
386 saddle 1835 1000 1205 Vt-N-Vi 50 662 5 26 Vt-c,N-c
387 salute 1380 1400 Vt-N 112 229 4 2 Vt-c,N-1400-50
388 save 1891 1225 1890 Vt-N-Vi 6570 139 121 0 Vt-a
389 say 1390 888 1571 Vt-Vi-N 65853 618 2765 7 Vt-c
390 scan 1582 1398 1706 Vt-Vi-N 305 357 17 3
391 scare 13 1200 1548 Vt-Vi-N 255 273 26 1 Vt-c,Vi-13..,N-a
392 scatter 1430 1154 1642 Vt-Vi-N 207 104 29 2 Vi-c
393 scowl 1340 1667 1500 Vi-N-Vt 20 106 6 0 N-1500-20
394 scrabble 1537 1856 1842 Vi-N-Vt 40 61 0 0
395 scram 1957 1950 1953 Vt-N-Vi 5 0 0 0
396 scramble 1586 1822 1674 Vi-N-Vt 185 185 10 2 Vi-a
397 scrape 1303 1440 Vt-N 262 79 18 1 N-c
398 scratch 1520 1474 1586 Vt-Vi-N 406 527 22 12 Vi-c,N-a
399 scrawl 1611 1612 1693 Vi-Vt-N 13 29 5 0
400 scream 1200 1710 1513 Vi-N-Vt 452 500 40 8 Vi-a
401 scribble 1534 1465 1577 Vt-Vi-N 61 31 1 0 Vt-c
402 scrub 1596 1596 1621 Vi/Vt-N 192 243 9 2
403 scurry 1810 1850 1823 Vi-N-Vt 24 10 3 0
404 scutter 1781 1826 Vi-N 3 1 0 0
405 search 1330 1400 Vt-N 1164 4970 41 59 Vt-c,N-c
406 seize 1399 1290 1912 Vt-Vi-N 572 0 33 0 Vt-c
407 shake 950 1000 1581 Vi-Vt-N 1183 291 107 3 Vi-c,Vt-a
408 shampoo 1762 1838 Vt-N 18 277 0 2
409 shave 1715 725 825 Vt-N-Vi 178 139 23 0 Vt-c,Vi-a,N-c
410 shift 1605 1250 1580 Vt-N-Vi 1473 2528 47 41 Vt-c
411 shine 725 1398 1529 Vi-Vt-N 448 352 32 3 Vi-c,N-a
412 shiver 1250 1200 1727 Vt-Vi-N 146 182 17 2 Vt-c,Vi-c
413 shoe 897 950 Vt-N 35 1083 2 58 Vt-c,N-c
414 shoot 993 900 1534 Vt-Vi-N 1442 239 117 1 Vt-a
415 shove 888 900 1300 Vi-Vt-N 228 82 16 0 Vi-c,Vt-a,N-a
416 show 1300 1225 1300 Vt-Vi/N 17601 8605 640 108 Vt-a,Vi-a,N-a
417 shriek 1577 1592 1590 Vi-N-Vt 28 128 5 4
418 shrink 1000 1398 1590 Vi-Vt-N 306 60 12 0 Vi-c
419 shrug 1450 1547 1594 Vi-Vt-N 178 299 18 4 Vi-c
420 shudder 1310 1639 1607 Vi-N-Vt 107 198 13 0 Vi-a
421 shuffle 1598 1576 1847 Vi-Vt-N 188 74 6 2
422 sigh 1300 1553 13 Vi-N-Vt 63 1015 28 11 Vi-a,N-13..
423 sip 1386 1611 1633 Vi-Vt-N 72 280 10 2 Vi-c
424 skid 1838 1924 1907 Vi-N-Vt 34 72 4 3
425 slam 1823 1775 1817 Vt-N-Vi 152 281 20 3 N-a
426 slap 1796 1632 1648 Vt-N-Vi 235 237 17 0
427 slash 1548 1382 1576 Vt-Vi-N 145 112 18 1
428 slice 1420 1611 Vt-N 217 835 7 12 Vt-c
429 slide 950 1537 1596 Vi-Vt-N 708 896 43 17 Vi-a,Vt-c
430 slit 1205 1250 Vt-N 126 241 3 5 Vt-c,N-a
431 slope 1591 1605 1626 Vi-Vt-N 50 1330 7 27
432 slumber 1220 1532 1400 Vi-N-Vt 15 92 1 3 Vi-,Vt-c,N-?a
433 smile 1300 1588 1562 Vi-N-Vt 1010 5843 122 56 Vi-a
434 smirk 888 1560 Vi-N 14 75 2 2 Vi-c,N-c
435 smudge 1430 1768 Vt-N 29 59 1 0 Vt-c,N-1768-74
436 snatch 1225 1330 1341 Vi-Vt-N 250 51 17 2 Vi-a,Vt-c,N-1341-2
437 sneak 1596 1648 1643 Vi-N-Vt 218 37 11 1 N-a
438 sneer 1680 1693 1707 Vi-Vt-N 64 106 3 2
439 sneeze 1493 1677 1646 Vi-N-Vt 51 34 3 0
440 snicker 1694 1836 Vi-N 0 3 2 0
441 sniff 1340 1796 1767 Vi-N-Vt 186 114 10 0 Vi-c
442 snore 1440 1597 1605 Vi-Vt-N 54 37 4 0 Vi-c
443 snort 1366 1634 1808 Vi-Vt-N 31 112 6 1 Vi-a,Vt-a
444 sob 1200 1718 1374 Vi-N-Vt 56 152 3 3 Vi-a,N-c
445 spare 1300 825 1300 Vt-Vi/N 953 35 19 0 Vt-c,Vi-a,N-a
446 sparkle 1200 1553 1330 Vi-N-Vt 64 217 6 4 Vi-a,N-c
447 spawn 1400 1603 1491 Vi-N-Vt 132 58 0 0 Vi-c
448 spell 1400 1300 1702 Vt-Vi-N 962 1302 14 14 Vt-a,Vi-a1400-50
449 spill 1300 950 1845 Vt-Vi-N 344 150 9 0 Vt-c,Vi-a,N-a
450 spin 725 1000 1831 Vi-Vt-N 366 546 31 3 Vi-c,Vt-c
451 spit 975 950 1300 Vt-Vi-N 220 223 21 2 Vt-c,Vi-c,N-a
452 splash 1715 1722 1736 Vi-Vt-N 164 358 7 4 Vt-1722-7
453 splice 1912 1524 1627 Vt-N-Vi 21 40 1 1 Vt-1524-5
454 split 1590 1590 1597 Vi/Vt-N 2573 839 26 9
455 spout 1330 13 1500 Vi-Vt-N 32 94 4 1 Vi-c,Vt-13..N-1500-20
456 sprawl 1000 1541 1719 Vi-Vt-N 25 69 18 1 Vi-c
457 spread 1225 1200 1626 Vt-Vi-N 4501 1690 90 18 Vt-c,Vi-a
458 spritz 1917 1935 Vt-N 1 5 0 0
459 sprout 1200 1601 1300 Vi-N-Vt 105 31 8 0 Vi-c,N-a
460 squall 1631 1703 1709 Vi-Vt-N 0 60 0 8 Vi-a
461 squeak 1387 1577 1664 Vi-Vt-N 41 143 2 1
462 squeeze 1683 1601 1611 Vt-N-Vi 673 299 30 3 Vt-a
463 stab 1375 1530 1440 Vi-N-Vt 119 291 2 4 N-c
464 stagger 1530 1593 1600 Vi-Vt-N 10 117 17 1
465 stain 1387 1382 1563 Vt-Vi-N 111 373 45 13
466 stampede 1823 1848 1828 Vi-N-Vt 10 50 3 2
467 stand 825 1325 1592 Vi-Vt-N 8854 1855 468 58 Vi-c,Vt-c
468 stare 1000 13 Vi-N 724 383 95 6 Vi-c,N-13..
469 stay 1440 1532 1525 Vi-N-Vt 10856 1100 195 16 Vi-c
470 steal 725 950 1200 Vi-Vt-N 858 11 39 0 Vi-c,Vt-c,N-c
471 steer 897 888 900 Vt-Vi-N 484 26 16 7 Vt-c,Vi-c,N-a
472 step 897 1540 1023 Vi-N-Vt 1570 7023 71 228 N-a
473 stew 1594 1420 1756 Vt-Vi-N 37 288 1 6 Vt-c
474 sting 1848 888 900 Vt-N-Vi 107 327 6 5 Vt-c,N-c
475 stink 725 1225 1300 Vi-Vt-N 90 116 4 2 Vi-c,Vt-a,N-a
476 stir 950 888 1375 Vt-Vi-N 958 198 39 0 Vt-c,Vi-c
477 stock 1622 1638 Vt-N 338 7538 3 164 Vt-c
478 stoop 893 1205 1571 Vi-Vt-N 96 58 11 1 Vi-c,Vt-c
479 stop 1530 1225 1483 Vt-N-Vi 12562 1976 240 31 Vt-a
480 stretch 1205 900 1541 Vt-Vi-N 1289 1180 61 24 Vt-c,Vi-c
481 stride 700 1572 725 Vi-N-Vt 102 466 15 19 Vi-c,Vt-c,N-c
482 strike 1000 1000 1330 Vi-Vt-N 1704 3895 108 37 Vi-a,Vt-c,N-c
483 stripe 1471 1626 Vt-N 11 169 5 9
484 stroke 897 1631 Vt-N 313 1281 5 30 Vt-c
485 stroll 1680 1693 1814 Vi-Vt-N 195 290 8 4
486 struggle 1386 1769 1692 Vi-N-Vt 660 3677 36 57 Vi-c
487 stumble 1325 1330 1645 Vi-Vt-N 153 40 31 0 Vi-c,Vt-c,N-c
488 suck 1000 825 13 Vt-Vi-N 384 37 18 1 Vt-c,Vi-c,N-13..
489 sulk 1781 1792 Vi-N 44 31 3 1
490 sunburn 1832 1530 1652 Vt-N-Vi 0 61 1 5
491 supply 1375 1423 Vt-N 2635 6915 103 95
492 support 1870 1382 1390 Vt-N-Vi 9670 19893 144 132
493 surrender 1560 1466 1485 Vt-N-Vi 521 554 18 15 N-c
494 surround 1572 1444 1825 Vt-Vi-N 376 98 53 0
495 swallow 1700 1000 1822 Vt-Vi-N 546 109 20 7 Vt-c,Vi-a
496 swear 825 688 1643 Vt-Vi-N 803 35 33 0 Vt-688-95,Vi-c,N-a
497 sweat 900 1000 1375 Vi-Vt-N 248 1006 6 22 Vi-c,Vt-a,N-c
498 sweep 1340 1300 1552 Vt-Vi-N 489 518 54 8 Vt-a,Vi-c
499 swim 1000 1000 1547 Vi-Vt-N 877 518 55 1 Vi-a,Vt-c
500 swindle 1782 1803 1833 Vi-Vt-N 0 71 2 0
501 swing 1545 1560 1589 Vi-Vt-N 705 1183 77 13
502 take 1435 1100 1753 Vt-Vi-N 69454 173 1575 4 Vt-c,Vi-c
503 talk 1225 1205 1475 Vt-Vi-N 12256 3948 275 55 Vt-c,Vi-a,N-c
504 tap 1425 1225 13 Vt-N-Vi 835 1107 19 9 Vt-a,Vi-c,N-13..
505 taste 1552 1290 13 Vt-N-Vi 672 3311 22 60 Vt-c,N-13..
506 tattoo 1769 1777 Vt-N 0 167 1 0
507 tax 1928 1290 1327 Vt-N-Vi 724 15589 27 241 Vt-c,N-a
508 tear 1526 1000 1666 Vt-Vi-N 535 583 58 36 Vt-c
509 tease 1619 1627 1693 Vi-Vt-N 200 44 8 2
510 thaw 1325 1000 14 Vt-Vi-N 62 158 8 3 Vt-c,Vi-c,N-14..
511 thirst 897 1000 Vi-N 53 290 1 4 Vi-c,N-c
512 throw 1205 1300 1530 Vi-Vt-N 2972 344 150 7 Vi-c,Vt-a
513 thrust 1205 1205 1513 Vi/Vt-N 1105 863 23 11 Vi-c,Vt-c
514 tickle 1330 1386 1801 Vi-Vt-N 91 56 2 0 Vi-c,Vt-c
515 tip 1610 1755 Vt-N 469 1938 7 33
516 toil 1394 1549 1576 Vi-Vt-N 49 126 1 1 Vi-c
517 toot 1510 1614 1641 Vi-Vt-N 14 17 0 0 Vi-c
518 topple 1590 1596 1907 Vi-Vt-N 117 0 4 0
519 toss 1509 1506 1634 Vt-Vi-N 242 191 41 5
520 touch 1615 1300 1340 Vt-N-Vi 2431 3948 91 64 Vt-c
521 tow 1884 1000 1600 Vt-N-Vi 108 296 1 1 Vt-c
522 trail 1303 1375 1547 Vi-Vt-N 174 1155 17 45 Vt-c,N-a
523 travel 1290 1303 1375 Vi-Vt-N 3616 3534 80 37 Vi-c,N-c
524 trawl 1561 1864 1630 Vi-N-Vt 26 41 0 0
525 tread 897 700 1225 Vt-Vi-N 334 111 3 3 Vt-a,Vi-c,N-a
526 treat 1500 1651 Vt-N 2979 697 122 4 Vt-1500-20
527 tremble 1303 1591 1609 Vi-Vt-N 248 0 42 0
528 trickle 1375 1602 1580 Vi-N-Vt 96 285 2 2 Vi-c
529 trip 1664 1691 Vi-N 61 4432 6 109
530 trudge 1547 1635 1835 Vi-Vt-N 44 16 4 0
531 try 1638 1300 1556 Vt-N-Vi 19702 1124 472 8 Vt-a
532 tug 1225 13 1500 Vi-Vt-N 109 412 4 2 Vi-a,Vt-13..,N-1500- 20
533 tumble 1300 1375 1634 Vi-Vt-N 151 169 17 3 Vi-a
534 turn 1000 1000 1250 Vi/Vt-N 12445 7900 566 96 Vi-c,Vt-c,N-c
535 twinkle 888 1547 1663 Vi-Vt-N 64 110 2 3 Vi-c,Vt-a
536 twist 1635 1471 1555 Vt-N-Vi 362 681 34 19
637 twitch 1305 1320 1523 Vi-Vt-N 93 104 6 3 Vi-c,Vt-c
538 twitter 1374 1387 1842 Vi-Vt-N 4 7 2 0 Vi-c
539 unbalance 1856 1887 Vt-N 23 0 3 1
540 urge 1560 1618 Vt-N 634 677 64 10 N-a
541 vault 1568 1976 1576 Vi-N-Vt 25 367 2 8 Vi-a
542 venture 1534 1430 1566 Vt-Vi-N 432 1915 11 17 Vt-c,N-a
543 vest 1513 1613 Vt-N 13 256 4 4
544 vex 1592 1423 1815 Vt-Vi-N 10 3 6 0
545 visit 1225 1621 Vt-N 4894 7433 129 74 Vt-a
546 waddle 1592 1691 Vi-N 23 7 0 0
547 waft 1650 1578 1652 Vt-Vi-N 22 26 0 0
548 wag 1225 13 1589 Vi-Vt-N 32 60 4 0 Vi-a,Vt-13..
549 waggle 1611 1594 1885 Vt-Vi-N 20 19 2 0
550 wail 1330 1362 1400 Vi-Vt-N 42 112 8 5 Vi-c,N-c
551 wait 1225 1200 1300 Vt-Vi-N 7873 439 263 7 Vt-c,Vi-a,N-a
552 wake 897 1200 1200 Vi-Vt-N 1368 1185 45 7 Vi-c,Vt-a,N-c
553 walk 1000 1300 1386 Vi-Vt-N 6287 3752 287 40 Vi-a,Vt-a,N-c
554 wallow 888 1374 1591 Vi-Vt-N 44 17 3 0 Vi-c,Vt-c,N-a
555 wander 1000 1573 1843 Vi-Vt-N 652 14 24 0 Vi-c
556 wane 971 889 1300 Vt-Vi-N 61 63 4 0 Vt-a,N-a
557 wangle 1918 1888 1915 Vt-N-Vi 18 1 1 0
558 wash 1175 900 1663 Vt-Vi-N 1648 764 83 28 Vi-c
559 waste 1225 1297 Vt-N 1366 5218 31 31 Vt-a
560 wear 893 1464 Vt-N 4212 435 174 3 Vt-c
561 weave 1000 900 1581 Vt-Vi-N 188 135 20 3 Vt-c,Vi-c
562 weep 900 897 1205 Vt-Vi-N 302 54 28 0 Vt-c,Vi-c,N-c
563 weld 1599 1677 1831 Vi-Vt-N 67 73 5 0
564 whack 1721 1737 Vt-N 44 62 2 1
565 wheeze 1460 1849 1834 Vi-N-Vt 8 62 2 1 Vi-c
566 whimper 1513 1784 1700 Vi-N-Vt 24 60 2 0 N-a
567 whine 1275 1607 1633 Vi-Vt-N 43 114 9 2 Vi-c
568 whinny 1530 1815 1823 Vi-Vt-N 0 14 2 1
569 whisper 950 1540 1596 Vi-Vt-N 213 577 31 12 Vi-c
570 whiz 1547 1836 1620 Vi-N-Vt 17 10 3 2 Vi-a
571 whoop 1400 1400 1600 Vi/Vt-N 0 0 2 1 Vi-a,Vt-a
572 wiggle 1225 1685 1816 Vi-Vt-N 33 15 5 1 Vi-a
573 win 1297 1300 1862 Vi-Vt-N 8229 2189 159 4 Vt-a
574 wince 1380 1612 Vi-N 70 26 5 0 Vi-c
575 wink 897 1570 1362 Vi-N-Vt 39 167 18 4 Vi-c
576 wipe 1300 960 1642 Vt-Vi-N 701 47 35 0 Vt-c,Vi-a
577 wish 1200 897 1300 Vt-Vi-N 9943 1503 161 34 Vt-c,Vi-c,N-a
578 wobble 1657 1831 1699 Vi-N-Vt 63 36 6 0
579 worry 1860 1553 1804 Vt-N-Vi 4420 874 89 27 Vt-a
580 wound 897 760 900 Vt-Vi-N 920 1056 26 24 Vt-c,Vi-c,N-c
581 wrangle 1377 1609 1547 Vi-N-Vt 8 64 2 0
582 wrap 1608 1320 1460 Vt-N-Vi 458 172 23 2 Vt-c,N-c
583 wrench 1050 1225 1530 Vi-Vt-N 76 84 4 1 Vi-c,Vt-a
584 wrest 1225 1000 1300 Vt-Vi-N 57 0 1 0 Vt-a,Vi-a,N-a
585 wrestle 1100 1400 1593 Vi-Vt-N 113 9 3 1 Vi-a,Vt-a1400-50
586 wriggle 1495 1573 1709 Vi-Vt-N 135 12 0 0
587 write 825 743 1375 Vt-Vi-N 10645 0 561 0 Vt-743-5,Vi-c,N-c
588 yammer 1481 1500 Vi-N 1 1 0 0 N-1500-20
589 yawn 725 1697 Vi-N 51 110 3 1 Vi-c
590 yell 1000 13 1375 Vi-Vt-N 104 98 31 6 Vi-a,Vt-13..,N-c
591 yield 1300 1440 Vt-N 971 1130 41 21 Vt-c,N-c
592 yodel 1838 1839 1849 Vi-Vt-N 2 4 2 1
593 yowl 1225 1842 1450 Vi-N-Vt 2 5 0 0 Vi-a,N-c
594 zoom 1892 1918 1918 Vi-Vt/N 108 125 3 0
